"Pop_12" "Pop_14" "Pop_18" "Pop_22" "Pop_26" "Pop_32" "Pop_37" "Pop_44" "Pop_51" "Pop_59" "Pop_67" "Pop_76" "Pop_87" "Pop_100" "Pop_116" "Pop_132" "Pop_150" "Pop_170" "Pop_194" "Pop_221" "Pop_248" "Pop_278" "Pop_311" "Pop_345" "Pop_378" "Pop_408" "Pop_439" "Pop_472" "Pop_505" "Pop_538" "Pop_572" "Pop_604" "Pop_636" "Pop_670" "Pop_706" "Pop_742" "Pop_778" "Pop_817" "Pop_856" "Pop_896" "Pop_941" "Pop_991" "Pop_1049" "Pop_1119" "Pop_1206" "Pop_1316" "Pop_1470" "Pop_1709" "Pop_2127" "Pop_5489"
"2011_10" 0 2 0 2 1 0 1 3 3 6 4 4 8 2 11 11 11 2 8 9 14 6 19 17 12 17 12 20 21 19 19 19 21 29 33 21 21 31 28 26 16 24 40 39 31 36 39 52 53 63
"2011_11" 2 0 1 1 2 1 3 6 1 7 1 8 18 5 13 12 10 9 13 17 22 25 23 12 19 29 13 25 26 23 24 29 34 38 32 32 32 38 34 40 28 49 53 67 53 60 58 48 68 101
"2011_12" 4 2 3 2 4 4 13 10 13 7 5 13 26 9 21 13 12 19 16 23 33 27 29 43 35 37 49 36 54 55 76 68 95 96 93 79 79 94 99 123 91 97 139 107 113 132 139 141 164 230
"2012_1" 3 3 4 1 7 4 17 9 7 9 6 15 30 10 13 24 29 25 33 44 45 39 60 37 64 59 58 95 53 66 87 131 112 140 140 168 168 172 172 167 192 219 249 220 179 177 175 165 229 259
"2012_2" 3 4 4 8 6 9 18 12 13 11 13 33 28 25 26 38 44 37 60 85 86 69 106 94 96 143 179 192 158 158 187 249 245 267 320 387 347 387 401 423 445 444 525 451 408 355 362 397 386 476
"2012_3" 13 14 10 22 15 24 22 27 39 28 30 31 41 43 76 83 95 89 124 134 203 186 195 251 262 339 398 435 458 389 491 631 644 732 762 869 833 903 906 898 1067 882 1125 1066 896 923 888 718 795 914
"2012_4" 12 17 15 17 22 23 15 36 29 30 38 46 55 57 107 115 124 107 201 202 251 249 281 301 321 477 511 545 587 573 666 791 808 836 837 874 1108 1207 1192 1226 1286 1268 1278 1102 1277 1207 1229 1059 1178 1110
"2012_5" 23 29 9 7 24 13 18 29 39 23 36 45 63 61 100 100 94 106 135 194 193 217 271 305 308 467 445 464 533 545 539 644 707 833 732 749 946 892 989 1021 1044 1094 1136 1069 1138 1134 1243 1148 1148 1357
"2012_6" 4 8 6 8 7 5 10 7 14 13 16 15 23 29 31 42 27 38 50 56 65 90 108 102 89 170 155 152 180 158 186 238 215 263 231 252 312 287 308 345 318 338 430 398 394 422 510 472 549 542
"2012_7" 1 1 1 0 0 1 1 1 1 0 1 6 1 2 6 3 2 8 9 4 9 15 12 5 6 13 13 15 15 21 24 31 28 30 29 42 38 38 58 59 47 40 59 68 75 76 86 116 135 149
"2012_08" 3 0 1 0 2 1 1 3 2 2 4 5 5 3 5 1 5 3 9 12 4 15 16 11 12 16 12 21 16 28 36 38 32 39 38 57 53 57 61 82 63 63 65 62 84 71 90 125 134 236
"2012_09" 0 0 0 1 0 0 2 1 0 1 0 0 0 1 1 1 2 4 6 7 2 7 4 6 9 8 9 12 9 10 12 18 14 29 19 16 29 27 34 23 37 33 34 42 41 55 47 56 79 101
"2012_10" 0 1 0 0 1 0 0 0 4 2 1 1 1 0 2 2 4 2 3 2 3 3 9 10 5 9 5 12 8 12 8 14 15 16 14 17 24 22 21 24 20 25 21 32 24 43 56 43 64 98
"2012_11" 0 0 0 0 1 1 0 0 3 3 3 0 2 2 1 4 1 4 3 5 5 2 7 9 8 17 10 8 11 12 7 14 12 22 15 10 21 13 24 24 16 22 26 21 34 43 35 34 53 94
"2012_12" 0 1 1 0 2 2 0 1 0 2 1 2 1 2 3 5 9 4 13 10 5 8 11 7 8 16 10 11 9 15 16 15 33 27 24 30 20 34 42 31 26 26 31 33 32 37 46 46 72 91
"2013_01" 0 3 10 0 8 2 7 7 12 3 6 8 10 11 13 30 14 18 23 35 31 27 53 22 34 36 53 51 67 49 50 73 58 55 87 53 82 77 82 80 79 67 94 85 99 103 110 137 149 331
"2013_02" 1 4 4 2 10 9 14 8 24 12 13 31 21 19 18 32 34 38 56 60 57 52 84 64 75 79 83 95 113 111 137 129 159 173 195 132 167 157 202 194 197 228 190 224 213 261 300 329 373 670
"2013_03" 6 21 17 16 27 30 24 28 50 37 27 84 54 73 57 89 107 105 111 128 131 186 203 182 180 216 201 275 255 289 285 280 354 380 439 310 470 407 433 516 487 507 555 570 571 667 651 849 987 1471
"2013_04" 7 19 22 13 46 26 38 39 53 34 52 57 50 58 71 108 106 94 163 171 154 178 243 192 194 286 294 324 302 320 357 391 413 462 510 446 469 488 520 522 535 591 678 751 709 807 847 1103 1290 1873
"2013_05" 7 11 9 4 8 13 21 22 16 16 24 36 27 38 47 56 61 44 61 76 73 106 96 101 103 104 110 156 135 161 143 158 167 212 213 186 242 220 255 245 237 266 260 334 345 381 445 604 732 1063
"2013_06" 5 0 1 0 5 1 2 3 6 2 5 4 6 12 6 9 9 8 12 8 21 28 22 25 20 38 18 42 27 30 32 37 41 45 38 52 63 59 59 45 52 68 87 76 82 102 99 121 152 221
"2013_07" 0 0 0 0 2 0 1 1 0 1 0 1 0 5 3 2 3 2 1 10 4 6 10 13 8 4 11 12 11 14 5 6 22 17 17 12 11 17 22 24 17 28 29 23 21 24 24 37 30 69
"2013_08" 0 0 1 0 2 2 0 3 5 2 4 4 2 3 3 4 1 0 1 8 5 4 4 1 8 3 3 18 7 10 9 10 8 15 17 10 9 11 11 12 14 7 15 10 13 9 20 23 26 33
"2013_09" 0 2 1 3 3 2 0 2 1 0 1 1 5 5 6 7 1 5 4 2 4 5 3 5 7 11 10 6 5 15 6 15 8 8 15 4 10 10 18 2 12 13 12 13 16 12 10 13 14 24
