"Season_1" "Season_2" "Season_3" "Season_4" "Season_5"
"MidsPopG_11" NA 7.11111111111111 6 7.42857142857143 8
"MidsPopG_12.5" NA 7.33333333333333 6.33333333333333 6 NA
"MidsPopG_14" 2 6.4375 5.625 6.53333333333333 7
"MidsPopG_15.5" NA 7.28571428571429 6.4 4.25 NA
"MidsPopG_17" NA 6.47058823529412 5.53846153846154 6.53333333333333 6.33333333333333
"MidsPopG_19" NA 6 6.5 6.5 6
"MidsPopG_21" 6.33333333333333 6.6875 6.35714285714286 6.75 4.5
"MidsPopG_23" NA 5.16666666666667 5.8 6.7 2
"MidsPopG_25" 9 6.33333333333333 5.73333333333333 5.53333333333333 5
"MidsPopG_27.5" 8 6.34615384615385 5.54545454545455 5.60869565217391 7
"MidsPopG_30.5" 6 7.08333333333333 6.11764705882353 6.32 7.33333333333333
"MidsPopG_33" 1.5 6.15384615384615 5.875 6.29411764705882 8
"MidsPopG_36" 5 6.85185185185185 6.08823529411765 5.94444444444444 7
"MidsPopG_39" 5.5 6.3 5.57142857142857 6.47058823529412 10
"MidsPopG_42" NA 6.09523809523809 5.48387096774194 6.33333333333333 6.2
"MidsPopG_45.5" 6.33333333333333 6.39130434782609 5.45 6 5
"MidsPopG_49" 6.5 6.2258064516129 5.375 5.56666666666667 6.5
"MidsPopG_53" 4.4 6.39024390243902 6.23809523809524 6.05882352941176 6.5
"MidsPopG_57" NA 7.1875 5.47058823529412 5.57692307692308 10
"MidsPopG_61" 9 6.37142857142857 5.87096774193548 6.12121212121212 5.75
"MidsPopG_65" NA 6.63636363636364 6.07142857142857 6.15789473684211 5.1
"MidsPopG_69" 5 6.23076923076923 5.74074074074074 5.92857142857143 6
"MidsPopG_73.5" 4.25 6.24324324324324 5.55263157894737 5.91666666666667 7.5
"MidsPopG_78.5" 3 6.32608695652174 5.07894736842105 5.86486486486486 7.85714285714286
"MidsPopG_83.5" 5.33333333333333 6.43243243243243 5.07142857142857 6.05714285714286 4.8
"MidsPopG_89.5" 2.5 6.65217391304348 5.27083333333333 6.21428571428571 6.5
"MidsPopG_96.5" 5.5 6.91891891891892 5.61764705882353 6.11428571428571 4.16666666666667
"MidsPopG_104" 5.8 6.04347826086957 5.50980392156863 6.2 8.33333333333333
"MidsPopG_112" 5.83333333333333 6.4375 5.33333333333333 5.98076923076923 5.6
"MidsPopG_119.5" 5 6.11363636363636 5.4375 6.09523809523809 6.5
"MidsPopG_128" 6.25 5.98484848484848 5.23728813559322 5.98360655737705 5.71428571428571
"MidsPopG_137" 5.6 6.55357142857143 4.68085106382979 5.82142857142857 5.28571428571429
"MidsPopG_146" 4 6.50909090909091 5.44827586206897 5.57894736842105 8.75
"MidsPopG_155.5" 5 6.14545454545455 4.80357142857143 5.98 6.42857142857143
"MidsPopG_165" 5.57142857142857 6.01754385964912 5.75438596491228 5.50793650793651 5.2
"MidsPopG_175.5" 7.25 6.22950819672131 5.91428571428571 6.03448275862069 5.375
"MidsPopG_187" 6.8 6 5.59493670886076 5.37837837837838 5.25
"MidsPopG_200" 5.5 6.22413793103448 5.52238805970149 6.15 7
"MidsPopG_214.5" 5.625 6.2112676056338 5.1038961038961 6.10126582278481 7.11111111111111
"MidsPopG_228.5" 7.2 6.04285714285714 4.70833333333333 5.40540540540541 7.23076923076923
"MidsPopG_241.5" 6.5 5.85294117647059 4.85897435897436 5.59701492537313 6.77777777777778
"MidsPopG_255" 5.5 5.93243243243243 5.21052631578947 5.57534246575342 4.93333333333333
"MidsPopG_269.89" 4.44444444444444 5.97183098591549 5.14634146341463 5.62025316455696 4.75
"MidsPopG_285.89" 5 5.95180722891566 5.09090909090909 5.59154929577465 5.76923076923077
"MidsPopG_302.5" 6.33333333333333 5.77333333333333 5.04761904761905 5.20547945205479 5.375
"MidsPopG_319.5" 6.2 5.91463414634146 4.58947368421053 5.20879120879121 6.55555555555556
"MidsPopG_336.5" 5.84615384615385 6.15476190476191 5.03448275862069 5.65853658536585 5.80952380952381
"MidsPopG_353.54" 5.07692307692308 5.97752808988764 4.80645161290323 5.2247191011236 4.55
"MidsPopG_370.54" 4.625 5.82954545454545 5.11111111111111 5.47727272727273 8.09090909090909
"MidsPopG_386" 5.625 5.98765432098765 4.76136363636364 5.36470588235294 5.76470588235294
"MidsPopG_400" 5.54545454545455 6.04347826086957 4.47368421052632 5.11494252873563 5.68965517241379
"MidsPopG_414.5" 6 6.06122448979592 4.41237113402062 5.08791208791209 5.33333333333333
"MidsPopG_431" 5.47826086956522 6.21505376344086 4.87254901960784 5.4020618556701 5.15
"MidsPopG_448" 6.18181818181818 5.92045454545455 4.54081632653061 5.1195652173913 4.14285714285714
"MidsPopG_463.5" 5.07142857142857 5.76923076923077 4.52727272727273 5.4 5.8125
"MidsPopG_479.5" 6.07692307692308 5.83157894736842 4.55670103092783 5.23300970873786 6.32142857142857
"MidsPopG_496.5" 5.0625 5.74038461538461 4.47619047619048 5.13265306122449 5.07407407407407
"MidsPopG_513.34" 5.3125 5.90804597701149 4.81914893617021 5.01086956521739 4.17647058823529
"MidsPopG_529.34" 4.45454545454545 5.73076923076923 4.74311926605505 5.20192307692308 6.56
"MidsPopG_546" 5.43478260869565 5.79611650485437 4.70754716981132 5.14851485148515 5.2258064516129
"MidsPopG_563" 5.29411764705882 5.63636363636364 4.64423076923077 5.06796116504854 5.82608695652174
"MidsPopG_579.5" 5.71428571428571 5.61764705882353 4.22935779816514 4.9126213592233 5.22727272727273
"MidsPopG_597" 6.3125 5.65934065934066 4.35294117647059 4.84 5.33333333333333
"MidsPopG_613.22" 4.84615384615385 5.58947368421053 4.0990099009901 4.80851063829787 6.71428571428571
"MidsPopG_628.72" 6.1875 5.59223300970874 4.09433962264151 4.67289719626168 5.19230769230769
"MidsPopG_644.68" 5.14285714285714 5.54347826086957 4.31428571428571 5.09278350515464 3.85185185185185
"MidsPopG_661.68" 5.22222222222222 5.47787610619469 4.08771929824561 4.70175438596491 5.6875
"MidsPopG_679" 6.35294117647059 5.5047619047619 4.07547169811321 4.87962962962963 5.73684210526316
"MidsPopG_696.5" 6.78947368421053 5.29126213592233 4.15094339622642 4.87619047619048 5.375
"MidsPopG_715.5" 5.73684210526316 5.31481481481481 3.7962962962963 4.68181818181818 5.19230769230769
"MidsPopG_733.5" 6.2 5.63157894736842 3.94174757281553 4.56842105263158 4.96428571428571
"MidsPopG_750.56" 5.57894736842105 5.58823529411765 4.1747572815534 4.875 5.03030303030303
"MidsPopG_769.06" 5.88461538461539 5.46363636363636 4.01739130434783 4.89473684210526 4.63636363636364
"MidsPopG_788" 5.68181818181818 5.3495145631068 4.12380952380952 4.12745098039216 4.61111111111111
"MidsPopG_807.5" 5.19047619047619 5.49090909090909 3.77391304347826 4.56880733944954 5.82352941176471
"MidsPopG_827.5" 5.38888888888889 5.26262626262626 3.79611650485437 4.36274509803922 6.07142857142857
"MidsPopG_846" 4.90476190476191 5.53921568627451 3.92452830188679 4.37735849056604 4.75862068965517
"MidsPopG_865" 5.08695652173913 5.40350877192982 3.72173913043478 4.41592920353982 5.94444444444444
"MidsPopG_884.5" 5.2 5.3 3.69902912621359 4.3495145631068 4.62068965517241
"MidsPopG_906" 4.83333333333333 5.34862385321101 3.61467889908257 4.5 4.90697674418605
"MidsPopG_930.5" 5.41666666666667 5.34905660377358 4.02777777777778 4.40740740740741 5.6
"MidsPopG_953.360000000001" 6.17391304347826 5.20792079207921 3.98095238095238 4.69811320754717 5.66666666666667
"MidsPopG_976.360000000001" 5.42857142857143 5.27102803738318 3.63063063063063 4.63392857142857 4.93617021276596
"MidsPopG_1003.82" 5.33333333333333 5.41346153846154 3.6952380952381 4.29906542056075 5.7037037037037
"MidsPopG_1034.32" 5.9 5.23148148148148 3.52173913043478 4.54954954954955 5.21052631578947
"MidsPopG_1064.28" 5.17391304347826 4.99038461538461 3.39814814814815 4.08333333333333 5.02439024390244
"MidsPopG_1096.79" 5.84615384615385 5 3.71428571428571 4.19266055045872 4.75
"MidsPopG_1137.01" 4.88461538461539 5.32380952380952 3.42342342342342 4.37272727272727 5.41860465116279
"MidsPopG_1180.5" 5.51515151515152 5.25 3.74285714285714 4.52427184466019 5.66666666666667
"MidsPopG_1227.2" 5 5.17647058823529 3.65094339622642 3.99090909090909 4.21951219512195
"MidsPopG_1284.63" 5.3 4.85849056603774 3.38532110091743 4.04545454545455 4.72222222222222
"MidsPopG_1348.09" 5.3030303030303 5.12871287128713 3.60377358490566 3.97297297297297 4.97872340425532
"MidsPopG_1422.16" 4.91428571428571 4.99082568807339 3.75 3.88793103448276 5.06521739130435
"MidsPopG_1512.5" 5.61764705882353 4.64210526315789 3.56730769230769 3.97169811320755 4.40476190476191
"MidsPopG_1622" 5.21428571428571 4.95 3.12037037037037 3.78899082568807 4.34545454545455
"MidsPopG_1770.58" 5.47222222222222 4.85148514851485 3.86238532110092 3.90740740740741 5.11627906976744
"MidsPopG_1957.39" 5.4 4.97142857142857 3.01851851851852 3.54545454545455 5.33962264150943
"MidsPopG_2227.43" 4.75925925925926 4.74038461538461 3.22522522522523 3.18018018018018 4.71929824561404
"MidsPopG_2695.82999999999" 5.09756097560976 4.37864077669903 3.3394495412844 2.87155963302752 5.66666666666667
"MidsPopG_5787.20999999999" 3.95588235294118 4.27272727272727 3.2037037037037 2.91150442477876 4.98701298701299
