"midsPop=18" "midsPop=38" "midsPop=68" "midsPop=120" "midsPop=206" "midsPop=326" "midsPop=460" "midsPop=595" "midsPop=741" "midsPop=908" "midsPop=1179" "midsPop=2180"
"month=1" NA NA NA NA NA NA NA NA NA NA NA NA
"month=2" 0.00103305785123967 0.00108225108225108 0.0021505376344086 0.00322234156820623 0.00320855614973262 0.00753498385360603 0.00753498385360603 0.00852878464818763 0.0149732620320856 0.0151515151515152 0.0139784946236559 0.0461031833150384
"month=3" 0 0.00108225108225108 0.00107642626480086 0.0032258064516129 0.00643776824034335 0.0129449838187702 0.0161637931034483 0.0213675213675214 0.0108459869848156 0.0239912758996728 0.0324324324324324 0.0543601359003398
"month=4" 0.00103305785123967 0 0.0032258064516129 0.00645161290322581 0.00538213132400431 0.00650054171180932 0.015233949945593 0.0130010834236186 0.017353579175705 0.0242557883131202 0.0264608599779493 0.0540851553509781
"month=5" 0 0.00324324324324324 0.0107758620689655 0.00323624595469256 0.0118279569892473 0.0161637931034483 0.0239390642002176 0.0290322580645161 0.0381263616557734 0.0386313465783664 0.0394304490690033 0.0702764976958525
"month=6" 0.00103412616339193 0.00216919739696312 0.001085776330076 0.00645161290322581 0.00650054171180932 0.0108695652173913 0.0197585071350165 0.0174482006543075 0.0245535714285714 0.0268456375838926 0.0334075723830735 0.0693301997649824
"month=7" 0 0.00108342361863489 0.00107758620689655 0.00539374325782093 0.00754310344827586 0.0173160173160173 0.0153005464480874 0.0302702702702703 0.0286028602860286 0.0310765815760266 0.0509413067552602 0.0564705882352941
"month=8" 0 0.00216450216450216 0 0.00539374325782093 0.0140237324703344 0.0184983677910773 0.0163398692810458 0.0208333333333333 0.0297356828193833 0.0267857142857143 0.0427927927927928 0.0544611819235226
"month=9" 0.00206611570247934 0.00108342361863489 0.00214822771213749 0.00107874865156419 0.01085776330076 0.0108932461873638 0.0184983677910773 0.0196506550218341 0.0231023102310231 0.0199556541019956 0.015625 0.0529344073647871
"month=10" 0.0020703933747412 0.00216450216450216 0.00322927879440258 0.00321888412017167 0.00324324324324324 0.0108225108225108 0.00327153762268266 0.00759219088937093 0.00984682713347921 0.0164473684210526 0.0228509249183896 0.0351473922902494
"month=11" 0 0.00108342361863489 0.0021551724137931 0.0032258064516129 0.010752688172043 0.00972972972972973 0.0139484978540773 0.0171306209850107 0.019438444924406 0.0218579234972678 0.0327868852459016 0.0625698324022346
"month=12" 0.00206611570247934 0.00108225108225108 0.00645855758880517 0.0193548387096774 0.0162513542795233 0.0172786177105832 0.0391304347826087 0.0496760259179266 0.0512540894220284 0.0607064017660044 0.0808416389811739 0.0947976878612717
"month=13" 0.0072463768115942 0.0151515151515152 0.0183783783783784 0.0262295081967213 0.0316248636859324 0.0620239390642002 0.0446927374301676 0.0770949720670391 0.0975056689342404 0.107142857142857 0.109941520467836 0.147420147420147
"month=14" 0.0197916666666667 0.0197585071350165 0.0427631578947368 0.065410199556541 0.116926503340757 0.166284403669725 0.197263397947548 0.261484098939929 0.352579852579853 0.387626262626263 0.394472361809045 0.435082872928177
"month=15" 0.0265111346765642 0.0455555555555556 0.085972850678733 0.152122641509434 0.22069825436409 0.279255319148936 0.400837988826816 0.427018633540373 0.494505494505495 0.492094861660079 0.509054325955734 0.468235294117647
"month=16" 0.0323624595469256 0.0644418872266974 0.140073081607795 0.137651821862348 0.213846153846154 0.332161687170475 0.422319474835886 0.486352357320099 0.527868852459016 0.5 0.507575757575758 0.424489795918367
"month=17" 0.0239912758996728 0.0239808153477218 0.0522088353413655 0.098981077147016 0.0961538461538462 0.16743119266055 0.261829652996845 0.195918367346939 0.231182795698925 0.265625 0.231707317073171 0.127777777777778
"month=18" 0.00972972972972973 0.0046242774566474 0.0174346201743462 0.0237430167597765 0.0341085271317829 0.0513833992094862 0.0616966580976864 0.0537634408602151 0.0620915032679739 0.0947368421052632 0.0509090909090909 0.0581818181818182
"month=19" 0.00317124735729387 0.00556792873051225 0.00569476082004556 0.0106635071090047 0.0115089514066496 0.0149253731343284 0.02 0.0320610687022901 0.0175131348511384 0.0297202797202797 0.0482142857142857 0.0271317829457364
"month=20" 0.00208333333333333 0.00326797385620915 0.0119565217391304 0.0143964562569214 0.0112994350282486 0.021566401816118 0.0287425149700599 0.0409638554216867 0.0327272727272727 0.0368550368550369 0.0454545454545455 0.0401554404145078
"month=21" 0.004149377593361 0.00434782608695652 0.0108695652173913 0.0153508771929825 0.019845644983462 0.0301339285714286 0.0285062713797035 0.0458190148911798 0.0416666666666667 0.0442890442890443 0.0577830188679245 0.0502994011976048
"month=22" 0.00311203319502075 0.00434782608695652 0.0152173913043478 0.0317286652078775 0.0220264317180617 0.0413870246085011 0.0592841163310962 0.0668176670441676 0.0766590389016018 0.0764774044032445 0.115566037735849 0.139479905437352
"month=23" 0.00622406639004149 0.00761697497279652 0.0142387732749179 0.0233592880978865 0.0476190476190476 0.0580204778156997 0.0724971231300345 0.0818915801614764 0.113879003558719 0.123501199040767 0.162878787878788 0.18798955613577
"month=24" 0.0114345114345114 0.0262869660460022 0.0339168490153173 0.0543237250554324 0.0617848970251716 0.107351225204201 0.135231316725979 0.20969696969697 0.245283018867925 0.281452658884565 0.297752808988764 0.339285714285714
"month=25" 0.0115062761506276 0.0201117318435754 0.0313199105145414 0.0492554410080183 0.0878220140515222 0.1325 0.182989690721649 0.220946915351506 0.296875 0.334453781512605 0.363970588235294 0.333333333333333
"month=26" 0.0136554621848739 0.0278396436525612 0.0427446569178853 0.0825581395348837 0.123152709359606 0.182061579651941 0.302898550724638 0.302287581699346 0.348425196850394 0.440715883668904 0.378172588832487 0.36745406824147
"month=27" 0.0285714285714286 0.0553047404063205 0.0721649484536082 0.126237623762376 0.208053691275168 0.284375 0.442270058708415 0.454545454545455 0.502793296089385 0.519713261648746 0.533333333333333 0.461254612546125
"month=28" 0.0301075268817204 0.0294464075382803 0.0947242206235012 0.110661268556005 0.1744 0.270161290322581 0.292834890965732 0.440860215053763 0.446700507614213 0.422818791946309 0.402777777777778 0.38125
"month=29" 0.0237324703344121 0.0326721120186698 0.0552763819095477 0.105189340813464 0.149046793760832 0.220873786407767 0.301818181818182 0.338461538461538 0.343065693430657 0.230769230769231 0.266666666666667 0.292682926829268
"month=30" 0.0129310344827586 0.0218140068886338 0.0305997552019584 0.0365168539325843 0.0465116279069767 0.0769230769230769 0.0703703703703704 0.08 0.0882352941176471 0.0973451327433628 0.116666666666667 0.117647058823529
"month=31" 0.00212089077412513 0.00222965440356745 0.0045662100456621 0.00484261501210654 0.00629722921914358 0.00453857791225416 0.0108303249097473 0.0164271047227926 0.00257731958762887 0 0.0207612456747405 0.0180505415162455
"month=32" 0.00414507772020725 0.00652173913043478 0.012987012987013 0.00978260869565217 0.0264900662251656 0.0350678733031674 0.0451388888888889 0.0592686002522068 0.0693877551020408 0.0992592592592593 0.0679304897314376 0.140900195694716
"month=33" 0.00103734439834025 0.00327153762268266 0.00109051254089422 0.00325732899022801 0.0132596685082873 0.0261660978384528 0.0345224395857307 0.0443896424167694 0.0660621761658031 0.0968208092485549 0.116546762589928 0.117863720073665
"month=34" 0.00103412616339193 0.00325379609544469 0.00645161290322581 0.00753498385360603 0.0087431693989071 0.0221483942414175 0.0281214848143982 0.0455580865603645 0.0570071258907363 0.0543615676359039 0.0858257477243173 0.109422492401216
"month=35" 0 0.00325379609544469 0.00972972972972973 0.00756756756756757 0.0162337662337662 0.0275330396475771 0.0400890868596882 0.0483689538807649 0.0538011695906433 0.0652173913043478 0.0893512851897185 0.0979827089337176
"month=36" 0.00413223140495868 0.00325379609544469 0.00650759219088937 0.0151187904967603 0.028322440087146 0.0341786108048512 0.0438202247191011 0.0661434977578475 0.0822711471610661 0.104018912529551 0.109605911330049 0.151639344262295
"month=37" 0.0114107883817427 0.0238611713665944 0.0303030303030303 0.0533769063180828 0.081767955801105 0.110614525139665 0.161947904869762 0.174825174825175 0.207021791767554 0.200498132004981 0.24293059125964 0.335311572700297
"month=38" 0.00837696335078534 0.0376522702104097 0.0488888888888889 0.0660592255125285 0.124555160142349 0.177478580171359 0.254237288135593 0.300813008130081 0.354136429608128 0.411504424778761 0.438709677419355 0.505241090146751
"month=39" 0.0292887029288703 0.068259385665529 0.0963302752293578 0.158145065398335 0.21903520208605 0.335694050991501 0.407528641571195 0.464737793851718 0.561181434599156 0.586698337292161 0.641304347826087 0.711382113821138
"month=40" 0.0344086021505376 0.0665083135391924 0.0766378244746601 0.138356164383562 0.205371248025276 0.252485089463221 0.393401015228426 0.439628482972136 0.497854077253219 0.472081218274112 0.573426573426573 0.532467532467532
"month=41" 0.00985761226725082 0.0280830280830281 0.0448877805486284 0.0792079207920792 0.0948419301164725 0.10655737704918 0.122857142857143 0.160919540229885 0.126315789473684 0.220238095238095 0.172727272727273 0.158730158730159
"month=42" 0.00529100529100529 0.00346420323325635 0.00941176470588235 0.00768245838668374 0.0192837465564738 0.0384615384615385 0.034965034965035 0.0337301587301587 0.047979797979798 0.045822102425876 0.0380622837370242 0.0542168674698795
"month=43" 0 0 0.00219058050383352 0.00554323725055432 0.0101351351351351 0.0214797136038186 0.0245700245700246 0.0210918114143921 0.0204638472032742 0.028735632183908 0.025 0.0261044176706827
"month=44" 0.0020703933747412 0.00866738894907909 0.0129171151776103 0.0108459869848156 0.0119956379498364 0.0144766146993318 0.0224215246636771 0.0360766629086809 0.0342857142857143 0.0356294536817102 0.0302663438256659 0.0498084291187739
"month=45" 0.0072463768115942 0.00436205016357688 0.0043525571273123 0.0108695652173913 0.0162689804772234 0.0185185185185185 0.0253303964757709 0.0398230088495575 0.0303030303030303 0.0372881355932203 0.0440677966101695 0.0438908659549229
"month=46" 0 0.00108695652173913 0.00432432432432432 0.00327153762268266 0.00543478260869565 0.014207650273224 0.0187845303867403 0.0165929203539823 0.0244444444444444 0.0235690235690236 0.0326576576576577 0.0284738041002278
"month=47" 0.00206825232678387 0.00216450216450216 0.00108108108108108 0.0043010752688172 0.00430570505920344 0.0130293159609121 0.0141921397379913 0.0270562770562771 0.0385887541345094 0.0407488986784141 0.0400890868596882 0.0489977728285078
"month=48" 0 0.00108342361863489 0.00215285252960172 0.00538213132400431 0.00860215053763441 0.00975081256771398 0.0227765726681128 0.031763417305586 0.0234375 0.0437219730941704 0.0446927374301676 0.0636363636363636
"month=49" 0.00103305785123967 0.00108225108225108 0.00323275862068966 0.00754310344827586 0.00971922246220302 0.0216450216450216 0.0240700218818381 0.0286028602860286 0.0375275938189845 0.0496613995485327 0.085297418630752 0.125435540069686
"month=50" 0.00103412616339193 0.00108225108225108 0.00323275862068966 0.00755939524838013 0.00756756756756757 0.0197368421052632 0.0197585071350165 0.0306345733041575 0.0413870246085011 0.0396825396825397 0.0447058823529412 0.0796019900497512
"month=51" 0.00103412616339193 0.00324675324675325 0.00538793103448276 0.00432432432432432 0.0107758620689655 0.0174482006543075 0.0207650273224044 0.0285087719298246 0.0256983240223464 0.0303712035995501 0.044167610419026 0.0545670225385528
"month=52" 0.00206825232678387 0.00542299349240781 0.00324324324324324 0.00538793103448276 0.00864864864864865 0.0108932461873638 0.0153172866520788 0.0153172866520788 0.0296377607025247 0.0412946428571429 0.0404494382022472 0.0488940628637951
"month=53" 0.0020703933747412 0.00434782608695652 0.00539956803455724 0.00646551724137931 0.00970873786407767 0.0183982683982684 0.0238870792616721 0.0248380129589633 0.0330396475770925 0.027027027027027 0.046875 0.0539609644087256
"month=54" 0 0.00217155266015201 0.00432432432432432 0.00539374325782093 0.00432432432432432 0.0108932461873638 0.00876232201533406 0.00980392156862745 0.0177383592017738 0.0199556541019956 0.0280898876404494 0.046029919447641
"month=55" 0.00103305785123967 0.00433369447453954 0.00323624595469256 0.00323275862068966 0.00645161290322581 0.0108225108225108 0.00971922246220302 0.015005359056806 0.00654307524536532 0.0164835164835165 0.0176600441501104 0.0296465222348917
"month=56" 0 0.001085776330076 0.0021551724137931 0.0032258064516129 0.00861141011840689 0.0140540540540541 0.0118918918918919 0.0129032258064516 0.00861141011840689 0.0197152245345016 0.0240174672489083 0.032258064516129
"month=57" 0 0 0.00215285252960172 0.00537634408602151 0.00323624595469256 0.00542888165038002 0.00650054171180932 0.0139634801288937 0.0226537216828479 0.0241758241758242 0.0284775465498357 0.0333704115684093
"month=58" 0.00103305785123967 0.00432432432432432 0.00430570505920344 0.0129310344827586 0.00537056928034372 0.0118406889128095 0.0183387270765912 0.0226049515608181 0.025164113785558 0.0275938189845475 0.0396912899669239 0.0533333333333333
"month=59" 0.00103412616339193 0.001085776330076 0.00323624595469256 0.00434310532030402 0.00107642626480086 0.0108342361863489 0.00980392156862745 0.0141150922909881 0.0109769484083425 0.0132890365448505 0.022271714922049 0.0365296803652968
"month=60" NA NA NA NA NA NA NA NA NA NA NA NA
