"midsPop=13" "midsPop=20" "midsPop=29" "midsPop=40" "midsPop=55" "midsPop=72" "midsPop=94" "midsPop=124" "midsPop=161" "midsPop=208" "midsPop=264" "midsPop=328" "midsPop=392" "midsPop=455" "midsPop=522" "midsPop=588" "midsPop=654" "midsPop=723" "midsPop=798" "midsPop=878" "midsPop=968" "midsPop=1089" "midsPop=1269" "midsPop=1618" "midsPop=2429"
"month=1" NA NA NA NA NA NA NA NA NA NA NA NA NA NA NA NA NA NA NA NA NA NA NA NA NA
"month=2" 0.00212314225053079 0 0.00228310502283105 0 0 0.00434782608695652 0.00691244239631336 0 0.00221238938053097 0.00221729490022173 0.00224215246636771 0.00900900900900901 0.00894854586129754 0.0066815144766147 0.0133928571428571 0.00675675675675676 0.00665188470066519 0.0112359550561798 0.0221729490022173 0.0179775280898876 0.0112107623318386 0.0133037694013304 0.0182232346241458 0.0335570469798658 0.0581395348837209
"month=3" 0 0 0 0.00221238938053097 0.00217864923747277 0 0.00231481481481481 0.00225733634311512 0.00663716814159292 0.00222222222222222 0.0178970917225951 0.0113122171945701 0.0112359550561798 0.0178173719376392 0.0202247191011236 0.0203160270880361 0.0177383592017738 0.0113378684807256 0.0113122171945701 0.0226757369614512 0.0270880361173815 0.0223713646532438 0.0432801822323462 0.0436781609195402 0.0676328502415459
"month=4" 0 0.00226757369614512 0 0 0.00218340611353712 0 0.00460829493087558 0.00678733031674208 0.00666666666666667 0.00666666666666667 0.00681818181818182 0.00680272108843537 0.0134831460674157 0.00900900900900901 0.0158730158730159 0.018348623853211 0.0112107623318386 0.00911161731207289 0.0292134831460674 0.0341685649202733 0.0115207373271889 0.0316027088036117 0.0234741784037559 0.0397196261682243 0.0712530712530713
"month=5" 0 0 0 0.00663716814159292 0.00873362445414847 0.00650759219088937 0.0092378752886836 0.00454545454545455 0.00666666666666667 0.0133928571428571 0.0202247191011236 0.0135746606334842 0.0135135135135135 0.0267857142857143 0.0316742081447964 0.0229357798165138 0.0244988864142539 0.0408163265306122 0.0365296803652968 0.0439814814814815 0.0361990950226244 0.0364464692482916 0.0436781609195402 0.058411214953271 0.0886699507389163
"month=6" 0 0.00227272727272727 0.00227790432801822 0.0022271714922049 0 0.00218340611353712 0.00232018561484919 0.0113378684807256 0.00222222222222222 0.00674157303370787 0.00684931506849315 0.00909090909090909 0.0225225225225225 0.0159090909090909 0.0183908045977011 0.0229357798165138 0.0203619909502262 0.0140515222482436 0.0277136258660508 0.0186915887850467 0.037037037037037 0.0344036697247706 0.035377358490566 0.0641330166270784 0.0784810126582278
"month=7" 0 0 0 0.00221729490022173 0 0.00217864923747277 0.00691244239631336 0.0045662100456621 0.00663716814159292 0.00892857142857143 0.00451467268623025 0.0226244343891403 0.00909090909090909 0.0247747747747748 0.0158371040723982 0.0367816091954023 0.0271493212669683 0.0296127562642369 0.0251716247139588 0.0275229357798165 0.0440835266821346 0.0344827586206897 0.0629370629370629 0.0528846153846154 0.0625
"month=8" 0 0 0.00227790432801822 0 0.00217864923747277 0 0.00231481481481481 0.00681818181818182 0.00666666666666667 0.0156599552572707 0.0157303370786517 0.0252293577981651 0.015695067264574 0.0182232346241458 0.0135746606334842 0.0186480186480186 0.025 0.037037037037037 0.0295454545454545 0.025462962962963 0.0257611241217799 0.0483870967741935 0.0428571428571429 0.0380952380952381 0.0661764705882353
"month=9" 0 0.00226757369614512 0.00228310502283105 0.00221238938053097 0.00218340611353712 0 0.00460829493087558 0 0.0066815144766147 0.00900900900900901 0.0136054421768707 0.0114942528735632 0.018058690744921 0.018018018018018 0.0157657657657658 0.0185185185185185 0.0204545454545455 0.0232558139534884 0.020501138952164 0.0253456221198157 0.0137614678899083 0.0116009280742459 0.0258215962441315 0.0398126463700234 0.0658536585365854
"month=10" 0 0.00454545454545455 0.00228310502283105 0.00221729490022173 0.00218340611353712 0.00433839479392625 0 0.00677200902934537 0.00444444444444444 0 0.00680272108843537 0.0113378684807256 0.00678733031674208 0.00225225225225225 0.0090293453724605 0.00684931506849315 0.0090702947845805 0.0114942528735632 0.0135440180586907 0.0114155251141553 0.0158730158730159 0.0202247191011236 0.0299539170506912 0.0369515011547344 0.0313253012048193
"month=11" 0 0 0 0 0.00436681222707424 0.00217864923747277 0.00229885057471264 0.00454545454545455 0.00665188470066519 0.0133037694013304 0.0090293453724605 0.00453514739229025 0.0156599552572707 0.0177383592017738 0.0134228187919463 0.0113122171945701 0.0223214285714286 0.0159090909090909 0.0201793721973094 0.0203160270880361 0.0249433106575964 0.0293453724604966 0.0369515011547344 0.0509259259259259 0.0792540792540792
"month=12" 0.00212314225053079 0.00226757369614512 0 0 0.00437636761487965 0.0108695652173913 0.0161290322580645 0.0136054421768707 0.0244444444444444 0.0179775280898876 0.00678733031674208 0.0202702702702703 0.0248306997742664 0.0406320541760722 0.0428893905191874 0.0568181818181818 0.0495495495495495 0.0547945205479452 0.0474040632054176 0.0525114155251142 0.0762124711316397 0.0778032036613272 0.0792540792540792 0.0774647887323944 0.116336633663366
"month=13" 0.00212765957446809 0.00909090909090909 0.0136674259681093 0.0199115044247788 0.0175054704595186 0.0175438596491228 0.0163551401869159 0.0320366132723112 0.0272108843537415 0.0294784580498866 0.051685393258427 0.068649885583524 0.0434782608695652 0.0462962962962963 0.0580046403712297 0.0641330166270784 0.1002331002331 0.0928571428571429 0.115023474178404 0.0969267139479905 0.107579462102689 0.120481927710843 0.0955882352941176 0.133663366336634 0.172413793103448
"month=14" 0.0106609808102345 0.0274599542334096 0.0207852193995381 0.018058690744921 0.0399113082039911 0.0443458980044346 0.0517647058823529 0.0702576112412178 0.0846681922196796 0.113425925925926 0.156028368794326 0.164648910411622 0.190588235294118 0.195754716981132 0.23021582733813 0.262899262899263 0.270886075949367 0.370179948586118 0.350515463917526 0.400516795865633 0.358839050131926 0.419098143236074 0.385012919896641 0.450819672131148 0.436923076923077
"month=15" 0.0193548387096774 0.0328638497652582 0.0446009389671361 0.0455580865603645 0.0662100456621005 0.0848623853211009 0.133004926108374 0.172932330827068 0.1712158808933 0.226221079691517 0.286885245901639 0.275766016713092 0.349570200573066 0.365994236311239 0.432515337423313 0.420195439739414 0.445182724252492 0.482213438735178 0.501915708812261 0.5 0.503968253968254 0.511111111111111 0.51219512195122 0.436018957345972 0.481481481481481
"month=16" 0.0348583877995643 0.0311004784688995 0.0484261501210654 0.0756501182033097 0.135265700483092 0.127764127764128 0.110803324099723 0.158823529411765 0.179710144927536 0.210862619808307 0.272727272727273 0.365313653136531 0.343096234309623 0.443478260869565 0.447115384615385 0.49740932642487 0.541899441340782 0.402684563758389 0.584507042253521 0.529850746268657 0.48936170212766 0.576271186440678 0.435114503816794 0.446153846153846 0.39622641509434
"month=17" 0.0177777777777778 0.0289156626506024 0.0222772277227723 0.0198511166253102 0.0613333333333333 0.048 0.0619469026548673 0.126582278481013 0.0941558441558442 0.108695652173913 0.119469026548673 0.142131979695431 0.257894736842105 0.251655629139073 0.244604316546763 0.15929203539823 0.205882352941176 0.271844660194175 0.180722891566265 0.288888888888889 0.244444444444444 0.1875 0.263157894736842 0.153846153846154 0.0975609756097561
"month=18" 0.0176211453744493 0.00238663484486874 0.00480769230769231 0.00236406619385343 0.0153846153846154 0.0147058823529412 0.0280112044817927 0.0184049079754601 0.0323529411764706 0.0459016393442623 0.0188679245283019 0.0609756097560976 0.0643564356435644 0.0529100529100529 0.0769230769230769 0.0508474576271186 0.0588235294117647 0.0625 0.0588235294117647 0.0923076923076923 0.0896551724137931 0.0551181102362205 0.0390625 0.0656934306569343 0.0542635658914729
"month=19" 0.00217864923747277 0.00460829493087558 0 0.0091324200913242 0.00928074245939675 0.00453514739229025 0.0151515151515152 0.00498753117206983 0.0101010101010101 0.0106951871657754 0.0137741046831956 0.0170454545454545 0.0123456790123457 0.0249221183800623 0.0258899676375405 0.033112582781457 0.0228013029315961 0.0185873605947955 0.0140845070422535 0.020979020979021 0.0492424242424242 0.0407407407407407 0.0568181818181818 0.0235294117647059 0.0291666666666667
"month=20" 0 0.00229357798165138 0.00911161731207289 0 0.00886917960088692 0.0153172866520788 0.0142517814726841 0.00919540229885057 0.0115207373271889 0.0163934426229508 0.0119047619047619 0.0310262529832936 0.0217391304347826 0.0270935960591133 0.0329113924050633 0.0489690721649485 0.0318627450980392 0.0403022670025189 0.0177215189873418 0.0432569974554707 0.041994750656168 0.0437017994858612 0.0432432432432432 0.0390625 0.0414364640883978
"month=21" 0.00424628450106157 0.0045662100456621 0.00459770114942529 0.00443458980044346 0.0110132158590308 0.00881057268722467 0.00938967136150235 0.0205949656750572 0.0158371040723982 0.0184331797235023 0.0390804597701149 0.0214285714285714 0.0280373831775701 0.0188235294117647 0.042654028436019 0.0366748166259169 0.0498812351543943 0.0436893203883495 0.0567375886524823 0.0436893203883495 0.0320197044334975 0.0609756097560976 0.0541871921182266 0.0591133004926108 0.0453400503778338
"month=22" 0.00213219616204691 0.00227790432801822 0.0022883295194508 0.0044543429844098 0.0132450331125828 0.0175054704595186 0.013953488372093 0.0438799076212471 0.0249433106575964 0.0205479452054795 0.0281030444964871 0.0491803278688525 0.0529953917050691 0.0526315789473684 0.0660377358490566 0.0663507109004739 0.0671462829736211 0.0833333333333333 0.0748792270531401 0.0863309352517986 0.0647482014388489 0.129268292682927 0.106435643564356 0.13625304136253 0.149625935162095
"month=23" 0.00426439232409382 0.00454545454545455 0.0045766590389016 0.0155902004454343 0.0110864745011086 0.0154867256637168 0.0163551401869159 0.0332541567695962 0.0318906605922551 0.0504587155963303 0.0613207547169811 0.0530120481927711 0.0710900473933649 0.066193853427896 0.0697115384615385 0.0778588807785888 0.0968523002421307 0.109725685785536 0.120987654320988 0.130325814536341 0.123762376237624 0.168421052631579 0.160526315789474 0.170666666666667 0.206703910614525
"month=24" 0.0127931769722814 0.0113895216400911 0.0137614678899083 0.0339366515837104 0.0288248337028825 0.0286975717439294 0.0610328638497653 0.0614657210401891 0.0414746543778802 0.0619047619047619 0.0712530712530713 0.124087591240876 0.129901960784314 0.131067961165049 0.152334152334152 0.205128205128205 0.236503856041131 0.261213720316623 0.246684350132626 0.294277929155313 0.276139410187668 0.318713450292398 0.279411764705882 0.306306306306306 0.371794871794872
"month=25" 0.010752688172043 0.00919540229885057 0.0207852193995381 0.0185185185185185 0.0248868778280543 0.0269058295964126 0.0466830466830467 0.0488997555012225 0.0725995316159251 0.099273607748184 0.0984848484848485 0.144385026737968 0.160526315789474 0.200527704485488 0.143250688705234 0.256024096385542 0.259375 0.242524916943522 0.35016835016835 0.329749103942652 0.343537414965986 0.377952755905512 0.348484848484849 0.295546558704453 0.386792452830189
"month=26" 0.00862068965517241 0.0161290322580645 0.0256410256410256 0.0298165137614679 0.0293453724604966 0.0564334085778781 0.0689655172413793 0.0765432098765432 0.0904645476772616 0.145454545454545 0.13903743315508 0.212034383954155 0.23121387283237 0.331288343558282 0.276967930029155 0.288256227758007 0.339483394833948 0.350194552529183 0.379464285714286 0.425925925925926 0.428571428571429 0.414772727272727 0.348258706467662 0.370192307692308 0.363636363636364
"month=27" 0.0237580993520518 0.0372960372960373 0.0449172576832151 0.0534883720930233 0.0888382687927107 0.0610328638497653 0.0974358974358974 0.130890052356021 0.153246753246753 0.203438395415473 0.311377245508982 0.23972602739726 0.353356890459364 0.474137931034483 0.438461538461538 0.472222222222222 0.48469387755102 0.502824858757062 0.445161290322581 0.535714285714286 0.553846153846154 0.513274336283186 0.547945205479452 0.50354609929078 0.401709401709402
"month=28" 0.0328227571115974 0.0239808153477218 0.0292682926829268 0.0314009661835749 0.0738916256157636 0.0913461538461538 0.107816711590297 0.133720930232558 0.127536231884058 0.191275167785235 0.240816326530612 0.257261410788382 0.301507537688442 0.272727272727273 0.375796178343949 0.404580152671756 0.436363636363636 0.395833333333333 0.530612244897959 0.450704225352113 0.328125 0.46031746031746 0.355263157894737 0.373333333333333 0.41025641025641
"month=29" 0.0267260579064588 0.0164705882352941 0.029126213592233 0.0408653846153846 0.0420792079207921 0.0610687022900763 0.0742857142857143 0.115853658536585 0.153374233128834 0.144981412639405 0.142857142857143 0.25 0.251572327044025 0.290076335877863 0.353982300884956 0.323529411764706 0.421052631578947 0.28169014084507 0.3 0.212765957446809 0.288461538461538 0.340909090909091 0.210526315789474 0.322033898305085 0.245614035087719
"month=30" 0.00892857142857143 0.0163170163170163 0.0166666666666667 0.0239808153477218 0.0314009661835749 0.0297029702970297 0.0306406685236769 0.0461538461538462 0.0376175548589342 0.0511945392491468 0.0677966101694915 0.08 0.050314465408805 0.0661764705882353 0.106194690265487 0.0679611650485437 0.0675675675675676 0.0958904109589041 0.112903225806452 0.104166666666667 0.0535714285714286 0.163265306122449 0.106060606060606 0.107142857142857 0.120689655172414
"month=31" 0.00217391304347826 0.00232558139534884 0 0.00458715596330275 0.0022883295194508 0.00696055684454756 0.00251889168765743 0.00783289817232376 0.00251889168765743 0.0077120822622108 0.0117647058823529 0 0.0069204152249135 0.00727272727272727 0.00775193798449612 0.0262008733624454 0.0091324200913242 0 0.00595238095238095 0 0 0.0359712230215827 0.0148148148148148 0.013986013986014 0.0165289256198347
"month=32" 0.00639658848614072 0.00227272727272727 0.00684931506849315 0.00446428571428571 0.00873362445414847 0.0131578947368421 0.0139211136890951 0.0092378752886836 0.0157657657657658 0.0411899313501144 0.0282352941176471 0.0354609929078014 0.0307328605200946 0.0478468899521531 0.0513447432762836 0.0599455040871935 0.0608465608465608 0.06 0.0828571428571429 0.113268608414239 0.0914454277286136 0.0688524590163934 0.0618556701030928 0.132075471698113 0.15625
"month=33" 0 0.00227272727272727 0 0.00669642857142857 0.0021978021978022 0 0 0.0045766590389016 0.0112612612612613 0.0186480186480186 0.0163170163170163 0.0190930787589499 0.0306603773584906 0.0451306413301663 0.0267639902676399 0.0423280423280423 0.0616966580976864 0.0543478260869565 0.0879120879120879 0.078125 0.113702623906706 0.0906432748538012 0.140625 0.0921985815602837 0.151898734177215
"month=34" 0.00212314225053079 0 0.00227790432801822 0 0.0131004366812227 0.00433839479392625 0.00230414746543779 0.0090702947845805 0.00896860986547085 0.0068649885583524 0.0136674259681093 0.0300230946882217 0.0278422273781903 0.0234741784037559 0.0348837209302326 0.0338164251207729 0.0625 0.0440097799511002 0.0664961636828645 0.06426735218509 0.0509383378016086 0.0873015873015873 0.0835654596100279 0.103746397694524 0.120567375886525
"month=35" 0 0 0.0045662100456621 0 0.011037527593819 0.0065359477124183 0.00921658986175115 0.00911161731207289 0.00894854586129754 0.0179372197309417 0.0158371040723982 0.0327868852459016 0.0459770114942529 0.036697247706422 0.0395348837209302 0.044811320754717 0.0593824228028504 0.0410628019323672 0.0575 0.0753768844221105 0.0625 0.0676691729323308 0.112271540469974 0.0801104972375691 0.122516556291391
"month=36" 0.00212314225053079 0.00226757369614512 0.0091533180778032 0.00221238938053097 0.00440528634361234 0.00655021834061135 0.00696055684454756 0.0159453302961276 0.022271714922049 0.0408163265306122 0.0249433106575964 0.034965034965035 0.0421545667447307 0.043778801843318 0.0442890442890443 0.0614657210401891 0.0900473933649289 0.0819277108433735 0.091566265060241 0.111386138613861 0.0833333333333333 0.106965174129353 0.117333333333333 0.12962962962963 0.179566563467492
"month=37" 0.00638297872340425 0.0136363636363636 0.0183908045977011 0.0288248337028825 0.0240700218818381 0.0305676855895196 0.0417633410672854 0.0619266055045872 0.0633484162895928 0.0815850815850816 0.110091743119266 0.110849056603774 0.110070257611241 0.161214953271028 0.181176470588235 0.196560196560197 0.164179104477612 0.191815856777494 0.23989898989899 0.204724409448819 0.19493670886076 0.252631578947368 0.23013698630137 0.290598290598291 0.406143344709898
"month=38" 0.00642398286937901 0.00689655172413793 0.0255813953488372 0.0432801822323462 0.0446428571428571 0.0582959641255605 0.0602409638554217 0.0679611650485437 0.0783847980997625 0.141791044776119 0.142131979695431 0.191815856777494 0.219948849104859 0.233695652173913 0.268698060941828 0.299120234604106 0.363636363636364 0.351190476190476 0.32398753894081 0.420560747663551 0.446808510638298 0.446308724832215 0.414141414141414 0.496153846153846 0.542105263157895
"month=39" 0.019271948608137 0.0411899313501144 0.0570071258907363 0.0769230769230769 0.0837209302325581 0.0953488372093023 0.132832080200501 0.172151898734177 0.228070175438596 0.198324022346369 0.257703081232493 0.350299401197605 0.359621451104101 0.420195439739414 0.425531914893617 0.449612403100775 0.542735042735043 0.551282051282051 0.571428571428571 0.552238805970149 0.632978723404255 0.646067415730337 0.611111111111111 0.681159420289855 0.788888888888889
"month=40" 0.0196506550218341 0.0428571428571429 0.0618811881188119 0.075609756097561 0.0689655172413793 0.087719298245614 0.101123595505618 0.153392330383481 0.145061728395062 0.240924092409241 0.221014492753623 0.273504273504274 0.291479820627803 0.414507772020725 0.412790697674419 0.427672955974843 0.474576271186441 0.48695652173913 0.504424778761062 0.46 0.481481481481481 0.529411764705882 0.662162162162162 0.530612244897959 0.45
"month=41" 0.0087719298245614 0.0121951219512195 0.0102040816326531 0.0406091370558376 0.0347394540942928 0.0460358056265985 0.0651558073654391 0.0945121951219512 0.0825688073394495 0.0996309963099631 0.0922509225092251 0.119815668202765 0.0952380952380952 0.155172413793103 0.154929577464789 0.171875 0.0918367346938776 0.128712871287129 0.123595505617978 0.231707317073171 0.236111111111111 0.196078431372549 0.153846153846154 0.186046511627907 0.117647058823529
"month=42" 0.00865800865800866 0 0.00476190476190476 0.00239808153477218 0.00469483568075117 0.0119904076738609 0.0157068062827225 0.00549450549450549 0.0110192837465565 0.0144092219020173 0.0335365853658537 0.0360655737704918 0.0533333333333333 0.0291970802919708 0.0196850393700787 0.0358565737051793 0.05 0.0408163265306122 0.0531914893617021 0.0511363636363636 0.0355029585798817 0.0357142857142857 0.0461538461538462 0.0612244897959184 0.0333333333333333
"month=43" 0 0 0 0 0.00221729490022173 0.00221238938053097 0.00239234449760766 0.00466200466200466 0.00917431192660551 0.013953488372093 0.00985221674876847 0.029925187032419 0.0101010101010101 0.0326633165829146 0.0254452926208651 0.0102040816326531 0.032345013477089 0.0200573065902579 0.0264705882352941 0.0265486725663717 0.0214067278287462 0.0294117647058824 0.0230263157894737 0.033457249070632 0.0192307692307692
"month=44" 0 0.00226757369614512 0.0091533180778032 0.00666666666666667 0.0152838427947598 0.0130434782608696 0.00925925925925926 0.0159817351598174 0 0.0159090909090909 0.0160183066361556 0.0117924528301887 0.0182648401826484 0.0281030444964871 0.0304449648711944 0.037037037037037 0.0409638554216867 0.0338164251207729 0.0286396181384248 0.0321782178217822 0.0346534653465347 0.0300751879699248 0.0277777777777778 0.0466321243523316 0.0576923076923077
"month=45" 0.00424628450106157 0.00909090909090909 0.00919540229885057 0.0022271714922049 0 0.0043956043956044 0.013953488372093 0.0137931034482759 0.0132743362831858 0.0135440180586907 0.0182648401826484 0.0136054421768707 0.0318181818181818 0.0229357798165138 0.0345622119815668 0.0398126463700234 0.0301624129930394 0.0259433962264151 0.0323325635103926 0.0327102803738318 0.0490654205607477 0.039906103286385 0.0451306413301663 0.0338983050847458 0.0555555555555556
"month=46" 0 0 0 0.00221729490022173 0 0.00871459694989107 0.00234741784037559 0.00460829493087558 0.00223713646532438 0.00449438202247191 0.0136986301369863 0.0136363636363636 0.0115207373271889 0.0159817351598174 0.0277136258660508 0.00934579439252336 0.0205479452054795 0.027972027972028 0.0206896551724138 0.0208816705336427 0.0282352941176471 0.0395348837209302 0.0261282660332542 0.0347222222222222 0.0242130750605327
"month=47" 0 0.00227272727272727 0.00227790432801822 0.00443458980044346 0 0.00218818380743982 0.00460829493087558 0.00453514739229025 0 0.0044543429844098 0.0113378684807256 0.0181818181818182 0.0134831460674157 0.0112612612612613 0.0228310502283105 0.0204081632653061 0.0249433106575964 0.0324825986078886 0.0501138952164009 0.0364464692482916 0.0482758620689655 0.0277777777777778 0.0514018691588785 0.0416666666666667 0.0580046403712297
"month=48" 0 0 0 0.00222222222222222 0 0.00217391304347826 0.0023094688221709 0.0090702947845805 0.00884955752212389 0.0044543429844098 0.0158013544018059 0.0114155251141553 0.0202702702702703 0.0156599552572707 0.0272108843537415 0.0298165137614679 0.022883295194508 0.027906976744186 0.0233644859813084 0.0531177829099307 0.0377358490566038 0.0503432494279176 0.0425531914893617 0.0675990675990676 0.0600961538461538
"month=49" 0 0.00226757369614512 0 0.00221729490022173 0 0.00217391304347826 0.00921658986175115 0.00911161731207289 0.0044543429844098 0.0111607142857143 0.0158730158730159 0.0273348519362187 0.0249433106575964 0.0202247191011236 0.0205479452054795 0.0232018561484919 0.041002277904328 0.0395348837209302 0.0410958904109589 0.0542452830188679 0.041958041958042 0.0841121495327103 0.108490566037736 0.099273607748184 0.139759036144578
"month=50" 0 0.00227272727272727 0.00227790432801822 0 0 0.00434782608695652 0.00928074245939675 0.00911161731207289 0.00665188470066519 0.00449438202247191 0.0159090909090909 0.0185185185185185 0.0205949656750572 0.0225733634311512 0.0294784580498866 0.0276497695852535 0.023094688221709 0.04 0.0440835266821346 0.04 0.0398126463700234 0.0386473429951691 0.0537084398976982 0.050251256281407 0.115789473684211
"month=51" 0 0.00227272727272727 0.0045662100456621 0 0.0065359477124183 0.0065359477124183 0.00232558139534884 0.00455580865603645 0.00888888888888889 0.0111358574610245 0.0136054421768707 0.0251141552511416 0.0136363636363636 0.0113378684807256 0.0298165137614679 0.0254041570438799 0.0339366515837104 0.0281030444964871 0.0208816705336427 0.0232558139534884 0.0446009389671361 0.0509259259259259 0.0339805825242718 0.0546318289786223 0.0565552699228792
"month=52" 0.00212314225053079 0.00227272727272727 0.0045766590389016 0.00442477876106195 0.00219298245614035 0.00655021834061135 0.00231481481481481 0.0090702947845805 0.0044543429844098 0.00896860986547085 0.00904977375565611 0.0115207373271889 0.018058690744921 0.0134529147982063 0.0091533180778032 0.0184331797235023 0.018348623853211 0.0207852193995381 0.0406320541760722 0.0344827586206897 0.0470588235294118 0.0233100233100233 0.0635294117647059 0.0479616306954436 0.0490196078431373
"month=53" 0.00212765957446809 0 0.0068649885583524 0.00444444444444444 0.00436681222707424 0.00437636761487965 0.0069284064665127 0.00455580865603645 0.00886917960088692 0.0156599552572707 0.0112866817155756 0.0226757369614512 0.0203619909502262 0.0179372197309417 0.0268456375838926 0.0297482837528604 0.0203160270880361 0.0389016018306636 0.0277777777777778 0.0278422273781903 0.0258215962441315 0.0498866213151927 0.0433734939759036 0.05 0.062200956937799
"month=54" 0 0 0.00229357798165138 0.00222222222222222 0.00437636761487965 0.00436681222707424 0.00231481481481481 0.00453514739229025 0.0044543429844098 0.00900900900900901 0.00452488687782805 0.0114678899082569 0.0090702947845805 0.00900900900900901 0.0113895216400911 0.00928074245939675 0.0135135135135135 0.0187353629976581 0.0137614678899083 0.0207373271889401 0.0205949656750572 0.027972027972028 0.0306603773584906 0.0262529832935561 0.0674698795180723
"month=55" 0 0.00226757369614512 0.00228310502283105 0.00665188470066519 0.00218818380743982 0.00435729847494553 0 0.00453514739229025 0.00443458980044346 0.00447427293064877 0.00898876404494382 0.00909090909090909 0.0134529147982063 0.0111607142857143 0.0134831460674157 0.0181818181818182 0.00892857142857143 0.0068649885583524 0.0045045045045045 0.0250569476082005 0.0091533180778032 0.0228310502283105 0.0186480186480186 0.0117096018735363 0.0456730769230769
"month=56" 0 0 0 0.0022271714922049 0.00218340611353712 0.00217864923747277 0.00229885057471264 0 0.00665188470066519 0.0133630289532294 0.00900900900900901 0.0158371040723982 0.0157657657657658 0.0111856823266219 0.00900900900900901 0.0091324200913242 0.0177777777777778 0.00677200902934537 0.0133630289532294 0.0205949656750572 0.0180995475113122 0.0203619909502262 0.0254041570438799 0.0249433106575964 0.0423529411764706
"month=57" 0 0 0 0 0 0.00434782608695652 0.00460829493087558 0.00451467268623025 0.00444444444444444 0 0.00900900900900901 0.0045662100456621 0.00451467268623025 0.00671140939597315 0.0134831460674157 0.0135746606334842 0.00896860986547085 0.0203160270880361 0.0292134831460674 0.020501138952164 0.0296803652968037 0.0292792792792793 0.0254041570438799 0.0183066361556064 0.0516431924882629
"month=58" 0 0.00226757369614512 0.00683371298405467 0.00221238938053097 0.00217864923747277 0.0065359477124183 0.0161662817551963 0.0113378684807256 0.00221729490022173 0.00666666666666667 0.00675675675675676 0.0158013544018059 0.0111856823266219 0.0200445434298441 0.018058690744921 0.0182232346241458 0.0334075723830735 0.0320366132723112 0.00911161731207289 0.0341685649202733 0.0277136258660508 0.0341685649202733 0.0439814814814815 0.05 0.0613207547169811
"month=59" 0.00212314225053079 0 0 0.00221729490022173 0.00218340611353712 0.00218340611353712 0.00700934579439252 0.00228310502283105 0.00221238938053097 0 0.0112359550561798 0.0114155251141553 0.00224719101123596 0.0158013544018059 0.0135440180586907 0.0114678899082569 0.0159817351598174 0.00925925925925926 0.0111856823266219 0.0115207373271889 0.0115473441108545 0.0182648401826484 0.0330188679245283 0.0188679245283019 0.0528846153846154
"month=60" NA NA NA NA NA NA NA NA NA NA NA NA NA NA NA NA NA NA NA NA NA NA NA NA NA
