"pop=17.5" "pop=37.5" "pop=68" "pop=120" "pop=206" "pop=325.5" "pop=459.5" "pop=595" "pop=741" "pop=908" "pop=1179" "pop=4970"
24 29 52 119 158 365 397 558 696 886 1055 1539
18 40 58 135 156 385 524 652 757 837 1198 1643
12 48 51 92 222 358 404 626 675 897 1322 1836
12 33 59 150 202 340 517 571 795 896 1117 1424
23 45 66 141 170 316 421 638 758 875 1115 1465
13 49 78 148 191 368 394 548 776 846 1187 1418
12 44 53 134 193 332 419 581 816 914 1164 1361
12 43 54 122 204 282 404 572 721 940 1012 1563
13 30 80 87 234 301 450 531 694 940 1193 1461
12 29 76 110 157 391 419 532 738 953 1186 1388
11 46 77 121 250 308 512 532 756 881 1104 1894
17 38 67 112 171 319 519 527 771 854 1128 1629
19 41 81 154 212 361 417 605 780 992 1221 2100
11 27 83 137 241 302 442 645 669 945 1050 2394
13 29 74 90 232 272 462 623 771 878 1060 1876
11 50 71 89 208 331 495 537 693 876 1063 1714
15 47 84 99 233 326 436 586 810 981 1203 1781
13 41 59 120 159 369 396 636 741 857 1141 1707
15 26 57 98 213 311 409 561 681 918 1014 1981
13 47 67 88 158 351 420 549 762 833 1208 1645
15 40 59 124 156 289 520 623 700 878 1035 1630
25 41 59 92 258 373 470 537 673 941 1043 1509
25 30 82 121 165 314 480 645 680 856 1011 1363
22 28 83 100 248 289 481 640 716 842 1140 1686
25 50 73 89 256 289 483 642 801 865 1015 1750
16 28 51 138 166 298 456 535 707 926 1030 1503
11 35 79 130 211 284 466 588 714 910 1073 1444
18 45 85 124 232 348 405 622 665 840 1179 1362
12 32 52 143 158 379 455 632 809 976 1133 1479
19 35 52 128 247 261 432 546 702 954 1045 1628
14 31 76 151 171 341 454 644 725 978 1140 1824
17 42 84 108 163 390 397 546 773 875 1046 2683
19 27 68 116 228 360 456 579 720 857 1191 1547
22 44 72 104 171 328 478 555 717 942 1158 2059
21 49 72 154 231 262 445 556 676 916 1342 3218
15 26 82 141 246 375 498 574 748 987 1162 1904
24 39 74 109 177 361 405 554 743 869 1062 1549
22 28 59 144 200 265 526 652 712 822 1058 1577
18 33 58 101 193 349 414 649 682 884 1055 1562
18 28 66 138 245 281 514 602 807 849 1015 1510
12 45 65 143 210 278 406 539 737 836 1072 1382
25 42 54 125 236 287 503 617 719 915 1018 1428
18 35 58 132 239 367 462 561 818 918 1080 1497
19 34 69 133 163 382 478 587 757 879 1044 1901
19 35 78 149 175 354 479 581 678 921 1004 1368
12 40 57 139 225 340 505 659 708 972 1042 1362
22 32 65 144 221 347 489 644 696 887 1215 1435
22 41 55 151 246 377 500 613 788 872 1098 1400
23 43 57 147 206 341 423 533 784 830 1263 1516
16 36 60 126 204 362 490 618 802 851 1042 1863
13 50 62 95 254 332 507 577 708 936 1051 1583
17 34 78 89 176 380 413 547 714 906 1109 1624
25 34 60 104 219 387 494 658 792 830 1085 1959
18 37 56 122 224 284 409 541 687 819 1257 1491
25 38 69 121 174 311 434 557 768 977 1032 1459
23 28 70 114 194 279 403 618 805 824 1033 1425
17 27 62 100 202 327 465 614 741 888 1031 1647
14 32 54 123 243 329 424 581 744 961 1074 1505
19 27 69 113 155 316 521 618 771 973 1018 1474
11 28 76 145 218 314 419 585 706 833 1087 1646
19 33 66 122 253 337 476 635 731 893 1209 3080
25 41 66 150 161 278 411 659 677 839 1038 1622
24 40 56 127 209 288 449 589 720 931 1108 1479
19 47 79 130 165 304 410 550 685 991 1011 1382
21 42 60 150 194 362 496 537 705 950 1291 1486
24 28 56 101 189 314 493 551 677 835 1120 2591
12 41 52 151 204 362 444 641 706 855 1171 2450
12 33 62 148 250 346 490 562 683 829 1182 3023
23 31 53 143 214 323 413 548 685 976 1135 1441
16 29 83 124 187 325 439 614 807 928 1342 1883
17 26 66 137 166 292 513 559 780 974 1009 1497
13 46 66 113 173 374 503 632 684 869 1249 1537
20 27 81 101 167 392 403 567 768 966 1281 1978
19 49 82 147 162 315 399 592 672 903 1015 1932
15 27 70 126 207 359 490 586 814 921 1284 2295
11 28 74 124 244 260 423 570 694 854 1338 1421
12 40 54 133 251 350 448 589 725 931 1244 1873
22 34 78 117 162 268 413 609 732 859 1202 1685
24 26 57 143 244 348 402 547 736 937 1103 1459
13 47 53 147 228 330 423 600 736 897 1090 1364
11 45 56 120 164 289 524 608 696 843 1182 1365
25 39 67 93 236 311 502 610 669 909 1330 1421
15 27 61 104 205 349 410 643 811 935 1072 2035
11 32 79 141 258 308 469 565 798 915 1028 2751
22 46 71 104 198 385 453 528 810 840 1108 1501
24 37 54 131 180 383 447 537 760 955 1321 1773
19 32 64 148 168 302 438 577 801 875 1133 2200
25 35 55 93 173 259 465 599 717 990 1094 1616
19 39 81 94 225 275 411 632 791 995 1130 1525
13 27 53 91 223 266 504 554 735 958 1185 2014
14 38 62 118 230 314 473 621 779 988 1304 2095
17 46 53 118 182 284 429 584 748 873 1239 2141
16 37 66 123 221 287 526 555 673 839 1175 2910
23 28 78 89 218 387 427 617 707 911 1060 1403
17 39 86 94 212 349 402 664 732 862 1290 1428
18 49 61 116 173 271 456 643 683 959 1106 1984
12 44 59 107 160 364 420 564 698 869 1005 2503
16 26 66 101 258 298 475 548 721 840 1278 2372
16 26 53 114 195 345 470 640 754 853 1359 1444
12 39 72 117 194 284 419 561 723 890 1243 1750
21 37 81 108 165 295 474 648 698 856 1205 1404
21 41 57 129 211 266 400 529 787 889 1053 1981
17 42 66 95 170 332 519 638 673 840 1174 1434
18 28 54 91 171 336 512 585 694 841 1123 1867
12 26 74 139 169 327 450 564 745 899 1265 2103
21 33 61 120 158 303 468 627 770 936 1195 1998
17 33 53 88 222 370 474 587 800 858 1190 1472
11 46 67 102 218 369 493 577 760 939 1166 1816
21 34 70 87 207 306 523 556 699 878 1266 1493
14 46 85 88 173 361 415 554 737 962 1303 1416
25 36 62 148 242 271 456 605 804 887 1238 1993
15 40 81 121 227 271 408 536 765 830 1241 1583
22 46 72 135 165 298 441 625 755 921 1250 2412
14 49 65 89 198 297 487 543 798 978 1095 1904
21 33 66 91 163 390 422 553 803 994 1302 1894
14 45 53 140 198 382 479 587 750 969 1303 1409
25 45 78 152 194 333 426 601 688 988 1111 1810
19 45 75 149 247 281 437 601 753 891 1052 1421
18 37 57 151 162 319 402 635 787 866 1060 1720
21 31 53 136 171 277 427 619 682 820 1253 1513
13 38 55 116 256 328 406 531 696 867 1286 1894
22 38 67 122 179 310 508 634 668 951 1228 1602
11 43 84 108 255 297 461 633 683 873 1302 1390
16 49 64 103 211 375 526 587 796 931 1022 2013
17 34 64 118 189 272 433 618 783 954 1306 2392
17 40 74 125 170 286 419 614 809 839 1250 3239
23 35 80 104 203 275 492 602 758 888 1060 1500
11 37 71 91 187 322 496 569 702 822 1243 1429
21 39 62 118 206 365 436 642 760 902 1002 1612
12 39 60 106 160 274 449 604 721 893 1231 1384
17 40 83 122 187 314 449 627 773 955 1358 1688
16 38 84 136 198 289 409 542 682 998 1319 1699
22 42 71 139 248 278 405 658 771 876 1073 1473
12 26 63 103 222 357 411 609 677 847 1215 1364
17 32 57 107 236 329 422 535 715 894 1030 1950
11 42 54 152 195 344 509 561 792 826 1275 1728
14 38 79 100 240 259 507 661 699 820 1145 1444
20 39 85 147 238 289 423 616 785 819 1200 1628
13 30 58 108 242 339 433 660 788 958 1265 2096
22 48 74 147 249 364 517 542 668 893 1242 1573
12 29 62 127 249 311 467 662 707 853 1067 1559
13 28 53 133 181 352 510 613 708 907 1137 1690
18 30 77 152 191 302 491 646 797 837 1095 1625
11 49 78 127 238 290 484 627 704 842 1300 2982
13 39 84 92 214 344 495 652 707 903 1251 2346
16 43 57 95 208 390 457 557 709 963 1048 1904
15 35 51 116 170 262 522 630 712 918 1054 1443
18 47 66 107 222 260 473 664 748 957 1228 1883
22 40 54 140 211 339 516 630 744 835 1070 1823
24 36 78 94 258 308 469 650 753 988 1261 1976
23 36 86 108 209 386 492 539 745 941 1110 1367
18 33 63 135 159 389 444 621 742 986 1350 1626
12 32 67 152 219 322 517 646 772 961 1021 1804
24 29 85 93 248 266 409 561 760 891 1077 1489
11 32 73 130 155 311 412 612 680 961 1052 1690
16 32 66 119 236 354 505 641 735 823 1081 1808
13 48 70 147 158 344 517 606 698 820 1103 1650
17 47 54 120 173 312 422 604 725 939 1027 1654
15 27 59 90 250 379 398 610 725 951 1000 1389
20 42 64 96 155 310 448 591 701 854 1066 1671
24 39 61 129 166 384 425 543 779 928 1245 1654
13 44 56 109 226 288 500 634 697 842 1052 1383
20 34 77 108 216 350 518 656 684 878 1042 2000
15 49 62 128 217 364 488 619 811 857 1056 1560
23 44 82 111 178 276 464 627 742 936 1354 1966
19 41 54 88 214 336 416 581 735 849 1144 1916
11 47 82 153 160 382 515 609 699 904 1085 1899
14 28 63 127 195 278 405 642 757 891 1100 1467
15 32 72 121 253 352 399 587 698 887 1051 1536
13 39 56 95 190 321 524 660 674 919 1014 2209
23 45 71 123 159 268 461 630 668 849 1069 1922
16 50 86 96 226 285 507 621 687 884 1078 1399
23 30 63 151 197 264 440 619 815 907 1026 1437
12 27 74 104 232 340 491 604 735 934 1165 1477
16 30 68 109 203 389 477 598 680 983 1166 1706
21 50 65 103 255 335 494 603 705 869 1164 1413
13 43 52 117 155 277 451 646 727 853 1084 2119
24 27 77 142 184 314 462 533 800 847 1135 2515
14 30 64 122 186 273 474 529 727 859 1050 2678
20 30 61 145 159 289 403 581 815 875 1009 1837
11 30 58 116 241 331 502 638 686 831 1033 1608
14 35 56 130 186 387 484 543 677 978 1027 1895
15 36 65 121 237 309 406 556 784 918 1215 2142
12 40 59 118 192 299 485 629 787 921 1077 1374
11 44 75 119 251 381 471 599 669 859 1062 1504
15 50 51 116 235 354 516 569 798 971 1245 1578
17 27 70 107 182 260 496 550 710 825 1205 1387
11 30 73 104 186 344 419 601 740 972 1335 1378
20 39 70 154 253 265 477 568 773 929 1079 1467
17 38 59 125 220 297 408 533 782 820 1040 1926
21 36 84 92 170 367 468 595 763 873 1024 1465
24 46 77 104 164 314 478 615 784 827 1124 1497
16 36 78 135 189 328 403 599 671 994 1035 2059
18 31 65 152 176 280 421 568 737 835 1110 2661
16 36 75 101 160 355 471 618 785 831 1013 1999
25 48 57 147 214 278 440 575 693 989 1185 1915
18 47 77 150 196 269 464 552 687 965 1076 1631
12 32 54 154 156 283 499 614 743 980 1007 2371
12 30 74 107 220 386 403 584 771 866 1002 1634
21 26 56 88 195 391 449 537 689 945 1157 3005
14 26 74 115 156 376 481 549 733 905 1099 1513
12 47 71 142 171 375 517 573 671 959 1169 1548
22 42 56 118 254 273 409 578 735 957 1165 1613
15 45 70 143 167 284 482 603 744 833 1096 2281
15 46 55 109 243 262 409 660 685 826 1052 2318
25 37 52 150 254 355 411 553 799 973 1073 2225
11 46 86 88 162 293 398 620 805 934 1179 2456
22 38 82 153 161 329 444 574 735 951 1068 1522
18 47 51 141 226 262 507 577 813 831 1124 1437
22 36 66 130 164 295 479 649 702 839 1246 4828
22 39 81 92 257 318 421 658 700 828 1013 3968
11 27 79 129 237 318 424 616 667 871 1059 1410
24 38 55 147 239 367 469 528 672 920 1272 1659
12 31 70 100 159 280 516 664 712 824 1208 2822
17 31 53 133 181 382 466 634 676 980 1016 1550
22 33 51 149 159 374 508 528 768 953 1028 1772
15 48 58 116 236 336 458 585 762 871 1313 1399
15 50 57 100 182 366 521 644 739 859 1000 2396
16 44 56 122 215 309 513 599 702 950 1007 7533
13 36 53 130 241 353 397 561 790 902 1052 4740
13 43 75 98 245 390 443 532 778 846 1085 1424
25 43 78 119 244 273 501 537 749 970 1320 1373
14 37 71 104 218 267 452 606 778 869 1062 1768
25 44 70 103 200 391 404 531 786 847 1101 1540
22 38 67 144 178 282 479 583 742 917 1339 1495
15 44 73 97 245 352 436 601 814 883 1054 1722
14 50 70 118 256 332 464 574 817 957 1090 1690
18 36 56 102 205 304 473 579 781 982 1020 1504
17 30 53 115 203 309 402 529 714 893 1324 3948
17 29 74 99 223 266 457 613 700 903 1250 2396
16 29 68 137 249 361 495 568 746 979 1054 5704
24 49 63 90 224 375 437 552 673 908 1218 5814
18 40 83 140 241 383 468 544 755 973 1102 2719
19 38 59 150 208 274 448 562 774 881 1262 2639
19 29 77 109 161 339 456 639 788 871 1016 1545
12 26 59 130 210 293 466 617 702 860 1158 5024
16 38 60 123 169 277 443 534 784 850 1057 5119
21 40 69 136 239 289 505 584 726 858 1053 6295
15 44 71 90 177 273 493 567 755 944 1133 1488
15 30 58 98 171 350 406 529 813 985 1342 1696
17 39 72 126 171 284 458 541 797 961 1048 1366
15 38 66 142 182 366 421 613 679 875 1172 1559
22 48 73 146 170 286 489 611 689 869 1291 1514
18 27 63 90 169 382 447 555 673 898 1237 1370
13 48 61 94 201 314 459 564 734 825 1190 3129
24 43 62 112 209 340 457 595 799 893 1344 2201
21 39 70 89 230 344 483 582 804 985 1011 2501
25 33 70 111 226 365 462 626 720 828 1209 1715
23 38 52 113 184 303 426 548 665 975 1109 1857
16 50 52 137 175 322 501 657 811 845 1244 1621
18 26 58 89 159 286 447 658 801 877 1109 2523
22 30 69 117 184 261 466 619 679 843 1227 1531
13 28 71 145 239 378 430 602 731 894 1159 1684
25 38 85 131 233 317 510 530 678 943 1133 1994
23 32 78 92 160 371 514 569 701 990 1163 2042
17 48 65 105 193 343 474 559 723 831 1189 1664
24 40 67 147 172 277 429 602 717 955 1289 1805
20 41 58 147 191 378 486 599 688 946 1147 1966
24 45 65 103 223 307 490 552 805 975 1030 2916
17 33 74 154 172 373 468 531 717 960 1028 1362
13 32 86 111 210 341 409 636 779 991 1189 1588
15 33 66 96 225 368 406 547 725 924 1281 1548
19 38 60 140 188 390 512 607 671 827 1039 1411
14 29 62 106 207 318 506 581 701 987 1046 1870
13 30 61 129 189 373 441 649 717 948 1062 2614
14 32 78 120 161 335 431 656 797 819 1178 3512
11 41 69 107 160 320 451 619 752 957 1203 1604
25 48 58 119 165 335 484 575 736 891 1067 1465
19 29 75 93 248 367 401 560 802 998 1029 1419
22 26 54 135 200 374 431 637 694 846 1073 1657
25 39 54 119 191 393 426 656 747 855 1037 1435
16 47 73 101 221 356 432 638 713 979 1283 1772
20 35 73 93 235 293 432 639 777 842 1085 1525
16 33 82 148 165 288 419 571 762 837 1170 1436
11 31 54 143 239 282 465 575 715 916 1144 1709
11 50 68 114 174 337 417 633 676 936 1126 1617
18 26 63 87 256 358 418 533 723 991 1344 1366
13 49 70 103 234 279 516 652 722 856 1255 1552
25 26 59 120 220 268 416 629 747 903 1200 1625
22 42 52 110 228 306 465 621 748 853 1004 1713
12 33 58 107 233 383 477 644 712 842 1108 1465
12 42 84 148 179 372 447 548 783 849 1079 1551
21 47 57 146 187 347 455 551 678 843 1012 1526
23 35 55 117 226 259 455 608 787 864 1274 1564
16 41 58 99 217 387 525 651 783 985 1038 1875
23 33 81 120 228 325 450 547 750 925 1104 2872
15 35 81 129 162 271 460 662 778 938 1170 1683
11 42 58 98 212 275 482 640 816 842 1281 1489
11 31 83 113 206 380 443 561 784 828 1258 1509
15 38 66 141 172 374 400 569 723 935 1139 1637
12 47 53 152 241 380 469 588 739 916 1151 2057
12 29 78 114 168 288 402 576 758 887 1271 2198
25 48 62 95 225 383 494 562 807 824 1297 1361
20 34 61 94 238 263 402 604 724 852 1195 1423
20 40 78 135 200 329 444 606 709 823 1290 1665
20 48 57 97 237 334 431 599 689 870 1240 2035
20 44 53 138 240 391 445 643 806 917 1097 2575
20 35 54 151 156 336 511 653 757 964 1142 1423
17 28 60 97 187 293 504 642 754 892 1029 1757
17 27 51 137 232 373 419 544 787 850 1301 1615
12 28 76 117 169 389 407 638 747 854 1066 1892
11 39 58 89 193 382 503 568 743 910 1028 3344
12 34 76 100 175 385 497 650 769 971 1277 1379
20 46 63 109 192 270 406 629 781 829 1254 2961
17 48 62 107 175 264 421 538 750 853 1241 1380
21 37 86 108 244 331 484 579 784 833 1129 1438
25 47 53 114 219 309 468 607 757 819 1263 1580
20 46 66 100 194 354 411 602 818 832 1281 1397
21 38 59 96 157 269 472 588 723 937 1165 4024
24 34 55 135 212 334 520 632 665 912 1281 1635
13 27 52 92 197 381 511 598 817 967 1030 3456
12 28 52 127 177 282 431 583 788 846 1092 1612
16 40 79 134 183 350 448 543 668 898 1058 2215
23 42 61 110 221 302 418 568 759 931 1022 1361
19 38 63 135 162 320 475 534 734 915 1085 1672
24 47 66 104 158 301 439 631 790 879 1274 1386
21 27 66 141 180 355 492 542 700 877 1151 1904
13 50 66 137 211 299 525 553 762 876 1164 1705
15 40 82 91 257 386 495 558 711 918 1074 1437
15 29 69 132 175 326 506 626 689 956 1023 1723
19 33 86 118 217 280 431 622 681 943 1272 1866
12 50 81 139 192 383 458 589 681 852 1022 1987
21 43 59 118 191 350 420 664 780 995 1019 1494
16 34 71 107 160 368 436 561 677 920 1046 1487
11 49 69 114 222 261 458 527 786 973 1060 1870
11 44 66 101 234 270 512 542 814 933 1059 3802
11 38 81 94 173 286 526 550 749 882 1181 1859
23 40 56 119 185 299 441 536 738 938 1133 1429
13 40 74 93 181 357 396 655 810 860 1093 1989
25 32 75 121 162 300 428 594 811 848 1246 1646
21 28 80 138 191 265 444 621 723 933 1217 1384
16 27 81 133 242 350 450 599 667 960 1164 1729
11 39 51 147 257 343 423 573 814 821 1148 1744
11 49 68 122 236 315 511 535 811 842 1010 2660
13 45 61 103 182 285 413 658 779 903 1019 2497
18 39 62 110 225 389 394 649 709 864 1031 1400
21 50 77 97 244 388 437 609 744 866 1003 1793
11 40 83 116 190 333 523 626 749 877 1034 2209
23 45 64 94 247 355 397 625 768 851 1035 1959
16 36 69 127 176 325 416 562 745 942 1101 1618
20 30 52 125 172 300 430 595 789 821 1214 1551
18 30 64 124 237 349 412 582 785 949 1281 1396
18 28 86 103 231 327 468 658 772 910 1294 1668
24 35 75 122 157 307 470 617 742 883 1073 2230
21 32 62 108 200 291 459 645 689 858 1000 1549
18 43 65 91 165 285 504 640 737 883 1089 1941
18 29 72 113 240 373 478 620 692 845 1060 1412
23 44 67 121 174 332 415 637 705 912 1185 1467
15 26 76 131 227 375 514 586 808 919 1024 2355
11 44 77 122 191 326 470 615 776 885 1030 1882
12 32 77 111 193 324 479 557 749 960 1017 1624
23 29 85 153 258 270 411 623 722 928 1090 1718
16 37 51 125 225 261 418 635 787 851 1058 2171
11 26 55 94 165 317 437 633 727 937 1293 1436
13 42 55 109 188 266 459 655 812 939 1339 1952
23 47 54 90 219 377 492 643 763 888 1147 2002
15 34 55 135 163 352 442 541 710 899 1252 2051
25 45 64 119 156 317 451 585 768 879 1033 1361
24 48 82 121 246 386 487 629 774 845 1037 1840
24 34 76 101 197 354 396 657 744 900 1347 4418
16 29 73 129 168 336 491 625 776 825 1064 2657
13 37 67 126 226 267 488 547 745 878 1236 1575
11 35 62 121 247 359 469 617 746 830 1206 1799
16 50 77 99 209 341 501 570 817 968 1101 1533
13 36 67 109 252 308 455 602 728 878 1069 1560
25 26 64 141 186 331 469 651 781 978 1143 1817
11 43 59 130 179 356 521 571 721 974 1118 1567
16 28 51 136 193 350 492 609 812 908 1187 2757
17 46 72 154 240 326 471 562 726 911 1049 1483
22 41 57 109 166 350 472 533 680 901 1166 2343
13 30 57 128 219 349 420 566 742 963 1041 5396
12 46 62 115 220 375 442 614 760 859 1352 3514
14 50 74 95 209 311 399 623 806 941 1034 1465
23 31 74 135 200 321 426 549 726 884 1098 1518
11 47 51 124 233 272 464 571 678 930 1193 1505
19 36 65 94 246 301 451 550 783 845 1258 1978
23 32 58 124 162 310 424 612 683 969 1026 1947
13 40 76 94 229 318 401 621 715 875 1017 1570
23 34 61 148 179 360 433 551 759 970 1051 1417
21 31 61 120 238 288 504 612 797 837 1079 1552
12 38 66 131 219 362 505 589 680 981 1141 1825
14 32 51 105 187 377 526 557 734 981 1037 2117
22 36 64 149 155 351 512 546 797 840 1318 2437
12 26 59 133 162 369 512 544 732 939 1345 1384
13 42 51 121 243 393 428 611 786 879 1081 1649
13 31 52 125 195 279 400 639 711 819 1276 1538
18 27 59 95 228 340 484 616 713 908 1129 1418
19 49 83 120 168 375 434 623 763 955 1144 1997
21 26 74 97 157 386 409 630 755 864 1185 1921
11 26 67 97 245 309 415 557 737 891 1056 1379
23 41 78 107 155 273 516 561 776 916 1110 1388
23 48 71 135 195 363 510 646 676 832 1023 1738
13 27 68 124 163 302 395 530 753 977 1066 1492
18 43 67 119 256 265 404 576 803 990 1105 2679
11 32 59 106 232 307 417 645 677 948 1024 2036
19 31 53 87 159 345 449 577 667 952 1138 1872
16 42 75 105 189 333 415 642 818 910 1112 1752
22 50 57 91 256 312 469 602 771 959 1267 1719
14 27 83 97 188 316 471 663 711 955 1277 1791
15 31 76 115 239 285 504 538 742 857 1114 2576
12 36 63 127 190 272 488 609 800 939 1151 1744
17 44 83 130 257 359 395 625 793 979 1289 1593
21 37 81 114 228 335 400 568 718 994 1179 1417
15 47 74 117 231 387 467 638 706 947 1153 1590
14 34 65 151 205 376 461 627 671 855 1010 2328
14 34 64 121 176 327 473 661 701 829 1122 1484
21 28 60 131 157 294 452 565 703 849 1135 2082
23 29 51 115 255 299 450 567 731 855 1133 2644
17 44 54 131 254 330 480 618 693 876 1081 3095
22 30 77 103 206 351 526 587 771 902 1046 1371
21 26 79 116 242 264 515 538 798 959 1241 1629
17 30 80 93 243 312 403 536 682 876 1198 2226
24 31 51 116 177 268 447 539 738 922 1163 1732
16 28 67 120 258 337 463 623 729 824 1084 1546
16 33 68 126 187 380 453 630 767 961 1311 1464
12 45 73 98 223 297 431 636 729 838 1027 2538
22 45 68 92 224 353 504 662 790 897 1118 1765
16 26 70 122 186 381 397 587 766 836 1151 2005
15 44 69 140 179 359 483 563 736 925 1051 2666
19 32 83 99 229 266 513 588 787 825 1301 1460
17 27 76 92 177 393 401 562 770 842 1214 2636
12 49 61 135 244 266 472 634 814 977 1320 3761
24 26 60 97 174 260 466 613 815 856 1144 2221
24 36 75 118 250 346 396 601 715 845 1355 1487
18 30 69 105 181 270 467 610 668 944 1077 1620
11 42 69 97 169 323 492 652 759 900 1092 1704
12 35 72 101 167 324 402 554 687 861 1070 2138
21 34 57 118 181 296 478 602 774 938 1008 1763
13 39 60 138 219 261 414 573 667 887 1009 1473
13 30 83 154 170 272 514 606 723 842 1125 2088
14 33 69 122 191 377 495 658 807 878 1031 1728
11 46 54 130 218 315 406 548 752 928 1014 1388
19 39 65 95 220 316 437 661 732 922 1053 2553
25 33 79 128 156 368 506 609 800 960 1082 2959
23 49 73 152 213 301 420 619 768 957 1007 3764
21 40 55 105 246 273 526 604 785 861 1215 2229
13 27 74 118 233 300 517 579 688 849 1117 2286
17 42 54 129 158 328 459 556 807 850 1238 1384
24 33 86 147 240 259 476 592 792 827 1354 1467
15 35 62 104 241 375 414 620 708 963 1037 1474
17 40 76 111 242 280 518 589 724 887 1050 2254
18 30 69 128 198 312 467 635 760 862 1310 1548
16 33 61 139 168 345 396 561 818 960 1217 2704
16 34 69 114 213 325 419 599 750 981 1337 3140
14 45 53 140 193 322 427 577 751 905 1144 1374
17 34 64 137 192 313 487 532 726 869 1207 2821
25 38 86 105 200 277 427 646 760 892 1202 1560
13 46 84 148 228 287 406 582 767 822 1215 1532
20 27 60 129 225 322 402 642 801 831 1171 1488
22 43 68 123 219 332 405 600 738 841 1078 1421
18 50 70 92 230 356 427 660 731 946 1123 1730
13 45 78 109 189 354 494 559 731 892 1033 2638
15 27 62 137 176 316 470 597 772 826 1168 1392
22 29 79 95 252 348 472 605 674 927 1264 2438
21 39 67 103 166 292 522 655 779 855 1014 2161
20 27 66 88 230 326 448 608 703 835 1324 1491
23 37 52 118 170 378 412 628 788 912 1196 1406
19 46 55 154 240 333 414 534 769 885 1167 1595
24 26 82 88 198 325 449 649 781 978 1016 1519
23 34 72 91 195 268 424 562 701 878 1132 1800
22 48 69 132 208 272 473 651 711 899 1032 1567
17 36 69 115 191 344 397 650 803 997 1008 1650
21 31 62 125 201 364 446 566 772 916 1176 2409
22 36 82 120 206 354 522 653 736 920 1170 2546
25 37 60 140 158 341 417 571 774 909 1041 2058
25 27 68 113 193 363 505 635 750 838 1119 1538
23 28 63 111 169 293 411 650 733 820 1025 1504
22 26 67 98 175 271 460 565 754 857 1052 4303
16 35 73 87 248 390 436 606 780 887 1095 1829
13 28 65 106 254 295 396 605 701 903 1110 2627
14 39 54 95 240 346 507 585 705 982 1080 1397
12 48 56 134 175 320 524 624 681 977 1069 4734
11 36 52 140 214 313 463 589 717 968 1204 4391
18 37 58 130 177 321 421 548 785 890 1075 2762
17 29 57 122 158 371 430 660 690 931 1287 1532
13 44 65 90 160 378 454 537 680 910 1183 1728
20 38 70 108 193 349 525 560 800 980 1170 1820
20 48 71 117 194 338 407 658 814 874 1121 1530
20 32 77 152 229 375 408 629 765 892 1096 4524
25 43 52 93 199 296 426 654 756 957 1103 1630
11 39 64 104 209 374 504 588 712 908 1294 2449
18 35 58 103 226 354 524 647 739 862 1173 4589
19 36 68 107 168 302 462 581 707 937 1316 2088
24 29 85 92 159 374 434 561 809 951 1322 1621
12 35 52 93 242 279 425 589 743 961 1222 1685
20 36 85 94 183 371 486 588 680 869 1159 1953
21 48 82 109 199 294 479 555 798 987 1089 1481
14 29 58 123 178 280 433 553 697 834 1138 2577
14 28 82 127 187 382 399 625 681 989 1069 1407
18 33 76 154 159 374 474 557 726 877 1110 1858
21 37 73 143 205 325 481 582 755 995 1317 1417
12 35 54 109 223 263 511 540 758 904 1346 3172
12 36 73 140 211 313 485 571 755 867 1194 3425
17 34 82 114 209 354 496 541 754 909 1003 1456
14 41 68 104 171 261 490 583 752 931 1005 2513
13 44 59 152 160 271 520 611 768 837 1017 2016
16 42 53 99 211 301 455 621 701 910 1007 1773
13 28 72 94 247 276 491 585 691 857 1206 1551
25 34 69 107 180 332 465 652 754 991 1083 1837
12 50 64 105 192 329 419 595 755 897 1090 1488
20 26 76 102 172 377 498 635 793 948 1248 2005
13 29 77 142 234 285 465 551 672 953 1327 1697
20 34 56 143 178 364 452 551 790 961 1118 1487
11 46 62 98 229 262 494 661 706 903 1287 2536
17 42 83 106 197 325 502 646 817 889 1040 2211
12 44 78 106 156 323 480 559 678 855 1196 2397
24 33 78 97 229 355 449 638 717 843 1137 2603
14 41 52 89 194 375 506 569 735 834 1127 1549
12 29 54 98 239 375 514 531 780 888 1130 1636
15 42 80 141 238 301 481 617 768 958 1336 2165
18 38 61 152 206 381 449 555 767 994 1027 1377
19 36 51 92 244 297 450 588 703 921 1233 1411
13 41 69 138 212 355 521 652 802 866 1013 1593
23 35 79 145 256 262 491 580 699 913 1101 2129
12 43 51 138 185 292 469 578 789 934 1011 1920
23 43 64 119 160 387 513 632 720 861 1206 1730
16 28 67 120 252 310 403 604 716 823 1224 4268
15 29 56 91 168 275 468 635 723 927 1053 2922
17 28 73 88 168 265 427 633 681 837 1160 2586
11 34 55 90 193 267 448 573 673 911 1069 1436
13 39 80 112 189 292 473 575 709 860 1053 1942
23 32 73 94 223 333 516 652 677 908 1321 2546
21 29 51 146 238 388 428 614 775 869 1038 3480
12 31 65 150 216 376 443 658 803 830 1193 1956
15 29 79 94 173 332 442 634 764 990 1075 1924
17 49 85 91 203 307 451 633 729 998 1100 1456
19 28 52 96 157 387 458 628 798 844 1040 1551
14 41 57 105 165 308 522 566 730 898 1045 1599
19 30 52 141 172 373 521 654 694 948 1029 1538
23 27 67 151 222 382 440 646 696 979 1074 1636
18 48 73 149 161 327 405 529 729 951 1027 1525
17 47 55 148 196 266 407 562 671 987 1141 2462
23 30 68 152 230 286 428 637 739 984 1018 5684
21 30 57 149 200 260 405 620 684 951 1228 7748
15 34 76 123 191 265 412 528 764 963 1048 4048
22 36 55 100 216 377 404 546 785 949 1070 2259
11 30 77 136 242 309 426 628 692 845 1079 1361
12 44 83 135 156 313 505 646 793 941 1053 1876
11 40 81 152 245 340 411 539 813 937 1302 2259
13 30 52 97 222 331 425 624 772 884 1136 2177
23 44 69 104 257 378 398 617 788 924 1153 1365
12 29 68 100 244 385 418 564 784 898 1301 1571
25 32 67 145 169 319 464 606 739 849 1169 1953
17 40 58 121 216 380 434 531 702 906 1074 1686
20 26 76 125 168 268 509 615 674 962 1078 1534
18 31 65 135 226 382 411 555 811 906 1006 1587
23 26 58 137 257 367 426 533 760 959 1116 6058
11 34 57 98 191 262 515 615 681 943 1296 8580
15 36 72 131 181 309 418 614 763 862 1165 1363
11 43 62 139 159 391 499 624 816 855 1010 3078
24 49 59 142 199 318 514 615 733 872 1148 4454
18 41 60 133 200 280 396 614 682 913 1357 2425
16 38 63 101 234 321 436 618 786 837 1221 2424
15 40 72 89 206 270 502 580 812 943 1226 2259
17 41 55 112 244 267 413 585 782 905 1102 2268
19 48 65 87 220 370 486 556 694 833 1328 1802
15 40 64 112 155 374 507 655 784 866 1055 2043
25 41 64 122 169 387 513 560 753 959 1271 1901
14 44 77 88 203 374 523 584 708 920 1130 1826
19 39 51 145 197 374 458 664 667 937 1017 1684
18 37 79 125 208 305 425 655 736 822 1009 3392
14 40 58 141 169 265 490 612 769 991 1085 1555
12 42 60 90 229 392 426 562 734 945 1169 2009
19 35 84 112 241 282 498 649 714 835 1222 2822
18 33 82 109 159 288 411 542 715 932 1281 6217
16 50 85 98 251 342 508 611 708 940 1254 3575
15 26 69 103 209 378 450 650 713 863 1108 5142
20 38 64 149 224 304 500 590 697 819 1171 4522
22 48 68 128 169 380 407 582 769 828 1153 5144
23 46 80 113 202 373 526 598 818 962 1018 4861
24 35 70 120 204 389 414 544 671 836 1079 5487
14 46 72 89 258 345 479 545 751 910 1129 3588
11 28 78 128 189 324 503 538 675 931 1282 1483
16 30 67 138 206 281 508 528 713 890 1093 1421
17 44 59 131 240 391 487 644 785 872 1086 1661
12 32 66 91 239 334 410 630 790 942 1216 2088
12 41 75 104 174 381 473 606 669 987 1136 1985
11 30 77 98 188 262 399 580 684 947 1007 1658
14 36 79 131 200 269 458 579 791 838 1148 1388
23 40 54 101 213 347 488 656 667 908 1071 1969
13 40 59 112 208 339 485 564 812 820 1163 1644
21 31 81 91 202 336 457 651 784 919 1248 2130
17 44 56 105 209 358 399 611 751 871 1240 2472
12 41 81 124 223 292 522 639 697 963 1056 1565
18 37 76 137 184 297 493 640 698 850 1109 1759
24 41 51 154 182 294 431 588 799 959 1004 1461
21 44 59 120 164 264 420 552 691 826 1065 1579
18 47 65 145 159 360 510 637 679 856 1043 6612
13 42 78 148 239 370 485 594 758 973 1096 2625
18 30 64 134 178 289 468 609 683 883 1027 3414
21 31 53 127 179 373 488 584 818 866 1093 2693
14 44 59 97 179 277 469 654 707 866 1096 3258
25 44 86 117 197 384 500 562 739 826 1023 1806
20 26 80 93 187 378 432 593 673 964 1174 2466
16 33 80 142 173 278 448 568 773 878 1321 3466
24 40 67 105 233 325 401 567 737 918 1021 2439
13 46 61 112 192 303 463 545 713 864 1027 2443
19 29 70 142 174 288 427 645 793 943 1200 2606
15 34 63 99 176 392 464 545 665 856 1063 3660
25 34 79 108 250 303 420 545 716 988 1145 1707
21 41 85 142 246 300 412 599 702 824 1248 2156
12 26 67 91 241 269 501 551 798 998 1246 1475
14 27 60 152 248 368 397 536 736 920 1182 1561
20 30 62 106 186 345 448 615 804 866 1052 2262
24 36 74 93 235 353 499 618 758 878 1246 1461
18 49 86 121 193 339 450 532 797 878 1224 1734
13 36 62 99 207 327 520 539 715 928 1351 2277
18 28 60 93 218 384 504 619 765 834 1096 2579
22 42 78 110 157 348 401 657 678 943 1023 1377
16 37 57 120 184 392 514 606 690 983 1020 1546
11 31 68 95 169 335 452 630 779 905 1341 1495
23 43 65 113 164 351 439 539 702 938 1177 1704
12 34 62 115 191 366 470 602 743 851 1212 3209
24 48 76 121 159 279 456 640 665 960 1090 1855
19 31 65 97 232 283 483 657 786 849 1076 2113
25 44 68 117 165 276 417 609 759 980 1254 2966
22 29 81 94 176 339 441 645 741 852 1079 2103
25 40 70 109 177 303 480 599 666 962 1322 2633
25 38 69 94 255 341 480 604 731 854 1010 1680
14 32 75 142 189 322 434 630 776 925 1142 1472
24 31 61 121 170 306 485 535 712 856 1159 3019
21 31 62 126 173 323 500 626 697 862 1041 2350
19 32 64 112 230 340 471 572 728 951 1151 1407
25 31 57 133 174 284 394 646 748 857 1235 2330
19 34 68 138 203 393 406 564 792 938 1152 2165
12 37 71 96 235 383 395 663 804 980 1144 2073
16 26 59 148 175 364 472 553 734 868 1052 1929
18 43 51 153 191 381 524 612 729 974 1223 2425
14 29 51 91 245 306 524 640 764 835 1311 2666
11 36 53 141 255 264 495 612 763 869 1198 1689
22 29 67 151 245 369 449 644 745 931 1052 2482
23 47 69 118 253 262 521 564 665 860 1002 1933
21 29 71 112 186 385 428 582 741 829 1332 3690
11 35 82 88 228 291 407 527 676 980 1212 2222
12 43 69 140 192 338 419 596 802 848 1338 3967
16 48 67 114 166 291 459 632 694 866 1071 1379
15 28 63 129 191 363 484 647 775 916 1257 1910
11 27 55 111 183 351 520 544 690 973 1209 1380
23 44 56 104 168 315 450 582 804 927 1095 1577
14 26 65 96 208 301 482 537 683 974 1253 1927
17 47 66 95 211 317 510 637 729 892 1066 1961
23 42 62 122 256 317 515 600 691 984 1210 2404
11 43 53 133 171 298 399 654 795 968 1280 1525
13 31 53 93 177 346 504 639 727 888 1158 2521
11 31 85 148 191 373 488 642 774 900 1127 1517
22 41 78 145 242 266 484 612 813 910 1094 2440
20 38 60 116 228 276 516 588 789 931 1248 2803
11 26 56 115 180 393 492 545 733 963 1277 1479
16 28 63 135 187 304 492 560 761 986 1128 1979
15 33 81 105 239 282 523 629 748 946 1239 2089
25 33 55 98 164 339 500 619 735 938 1293 1738
13 29 64 123 229 301 468 534 797 922 1309 1688
21 27 73 91 250 259 432 593 691 922 1298 2097
16 36 74 142 236 296 462 664 786 849 1237 1699
17 36 76 151 224 295 470 574 778 984 1270 1365
20 28 62 130 195 339 444 631 695 994 1302 1682
12 37 75 89 229 389 425 650 687 861 1119 2538
13 27 78 102 156 296 493 658 720 993 1153 1389
23 39 70 106 196 292 463 561 731 911 1202 1927
13 48 78 97 255 392 516 562 686 905 999 2789
23 37 54 151 158 390 479 564 667 974 1296 1706
25 38 63 138 251 326 520 551 779 827 1066 1484
14 31 52 117 222 261 439 543 710 886 1057 2448
19 28 64 145 219 358 470 642 666 929 1238 1653
13 31 80 105 219 288 467 592 747 975 1266 1660
25 31 85 95 252 379 464 550 691 858 1330 1487
23 41 81 133 173 265 488 591 686 981 1329 1904
24 31 82 99 210 329 477 583 767 981 1233 1773
20 29 75 109 185 319 498 551 810 859 1005 2056
17 43 71 106 247 314 424 546 735 960 1270 2390
12 27 56 108 238 385 394 574 763 853 1049 1801
22 26 74 137 207 274 451 581 815 823 1241 1801
25 37 75 148 229 289 458 554 720 855 1335 2297
14 34 54 116 232 307 481 558 683 960 1100 1406
20 31 64 129 219 340 458 557 716 852 1127 1944
17 27 56 113 221 388 507 638 796 862 1177 2206
25 39 74 106 237 389 425 659 763 853 1268 1814
14 26 71 124 246 327 481 593 715 899 1256 2923
13 29 69 94 190 291 499 618 780 961 1166 1450
21 29 55 140 165 377 443 615 811 888 1071 1436
17 27 81 138 169 279 506 608 737 945 1316 2683
24 44 54 88 176 277 474 630 746 907 1057 2233
18 33 86 131 168 382 453 659 695 866 1225 3389
16 38 85 141 157 304 451 662 744 982 1238 1785
24 40 84 142 255 332 482 544 796 959 1291 1417
25 35 66 127 257 331 402 661 706 952 1134 1372
21 27 58 132 219 356 461 606 710 997 1129 1396
22 42 66 98 159 392 420 553 733 909 1115 1999
17 27 51 121 164 289 461 658 675 966 1005 2905
14 44 53 120 254 353 449 566 731 858 1289 1495
21 31 86 146 250 287 415 593 768 863 1213 1504
20 39 78 131 195 365 492 655 771 819 1153 1684
11 44 62 98 195 361 517 619 801 973 1332 2132
12 42 70 141 203 342 473 619 793 857 1253 1479
19 29 86 147 175 344 470 648 760 903 1348 2070
16 42 79 88 213 297 496 626 697 844 1066 1773
17 48 80 90 210 367 423 609 795 984 1197 2314
19 41 60 128 196 280 443 567 789 946 1193 2048
14 35 62 102 165 307 402 643 738 928 1252 2795
20 34 83 94 222 276 420 663 745 840 1064 2240
20 48 76 90 177 259 415 633 772 842 1062 1722
16 28 69 87 237 299 445 544 675 966 1011 1562
20 32 51 141 189 334 485 648 770 950 1303 1416
14 43 74 102 203 329 446 621 726 993 1050 2303
15 35 86 121 173 386 509 539 698 998 1067 2930
15 31 63 88 232 375 466 572 697 871 1324 2018
13 39 81 107 168 391 494 569 754 824 1253 1977
25 40 63 145 198 386 500 565 669 850 1098 2218
22 26 65 89 243 346 502 571 687 854 1106 1892
22 49 53 119 228 340 463 545 719 948 1183 2004
12 42 59 94 173 260 473 582 783 892 1320 2247
25 32 81 104 219 315 414 630 755 990 1056 2710
11 28 56 127 198 334 401 654 729 864 1128 2190
21 36 66 106 166 384 505 630 813 964 1047 1759
15 30 52 99 166 296 448 634 809 961 1220 1391
11 43 84 102 163 390 469 632 719 947 1213 1401
13 28 60 107 241 390 447 574 764 928 1188 2122
11 39 60 135 171 378 401 584 684 932 1286 2750
21 39 76 115 209 340 433 573 686 868 1068 2001
15 31 54 151 187 354 478 539 696 900 1309 1401
24 29 71 122 251 349 424 558 773 836 1033 2767
25 36 71 102 258 374 507 652 774 934 1176 2267
22 41 62 102 195 391 482 595 695 889 1058 2400
23 45 52 94 192 384 428 663 745 871 1224 2523
24 28 86 144 257 260 490 646 770 893 1080 2444
17 35 73 127 233 259 419 653 678 926 1028 1715
15 42 54 136 191 352 433 548 804 872 1030 1400
25 49 76 87 155 337 496 644 800 952 1081 1534
20 47 74 143 237 344 488 664 759 902 1187 1641
23 47 65 101 181 359 425 660 766 894 1112 1559
12 48 77 137 212 302 398 540 749 907 1062 2090
16 47 51 98 233 313 423 660 666 917 1123 1589
11 41 52 124 223 346 483 624 809 868 1095 1426
12 50 66 97 170 379 470 600 806 837 1175 1646
23 33 83 127 244 261 399 642 687 973 1106 1832
15 29 63 153 161 367 401 654 733 987 1147 1384
14 27 66 135 188 279 432 660 685 985 1068 1552
23 26 51 133 158 353 506 643 793 986 1166 1411
15 49 83 93 189 348 407 583 684 871 1121 1729
15 44 82 107 235 392 423 613 721 896 1186 1744
25 49 75 114 161 294 478 528 707 827 1059 3949
18 39 82 109 226 285 500 619 790 944 1116 1761
13 49 84 87 246 354 449 659 776 945 1202 1855
14 33 66 93 255 283 443 550 676 850 1114 1369
19 50 76 92 206 366 427 579 751 948 1331 1892
13 28 80 117 200 388 525 572 722 860 1322 1641
16 27 77 147 222 278 516 528 734 873 1051 1966
13 31 72 110 212 297 499 589 780 824 1118 1366
13 31 62 144 228 352 512 548 818 877 1036 1600
18 30 81 142 223 288 400 621 813 881 1028 2277
13 34 58 136 249 317 457 567 808 871 1036 1730
18 42 58 115 257 299 499 561 730 885 1324 1477
11 27 72 87 159 265 440 642 788 976 1180 1400
18 41 51 121 163 385 462 542 765 969 1311 1629
11 36 65 136 215 272 492 557 686 987 1136 1430
19 44 55 109 181 381 433 575 770 859 1082 1672
11 44 75 104 175 273 407 562 698 968 1062 1603
21 26 79 131 244 383 476 619 779 882 1029 1430
24 43 64 144 204 296 441 569 703 887 1103 2626
17 37 74 91 163 336 418 620 695 832 1021 1423
19 47 80 101 185 389 414 583 748 869 1235 1666
13 48 71 149 197 386 474 566 814 854 1216 2457
14 34 54 100 185 376 436 659 725 944 1214 2184
22 27 83 136 210 265 473 583 733 822 1047 1871
18 32 81 104 253 324 450 533 723 857 1346 1506
24 35 71 124 223 364 448 559 668 966 1037 2175
16 46 80 87 171 327 417 621 814 975 1162 2175
18 44 56 113 181 278 436 651 682 845 1200 2302
19 44 80 102 183 283 522 569 743 952 1156 1669
18 32 57 101 195 333 453 589 702 840 1091 2613
22 45 79 117 174 317 415 598 739 849 1002 2521
14 38 78 127 253 366 442 589 757 943 1256 1723
11 28 54 96 172 341 432 594 777 821 1166 1446
16 29 69 107 190 354 468 608 711 877 1093 2850
16 28 64 109 240 287 518 577 807 887 1125 1914
11 36 76 130 258 367 441 528 763 988 1036 1529
18 34 64 121 181 370 521 645 790 875 1244 1448
20 27 58 88 251 336 416 601 760 993 1303 1605
19 30 57 109 235 279 437 664 757 833 999 1773
17 34 79 93 234 379 476 657 789 823 1329 1809
19 29 53 154 203 353 431 564 755 891 1301 1640
12 35 73 105 254 318 435 659 740 857 1281 3972
20 39 53 133 224 363 509 632 818 899 1023 2031
13 47 73 103 221 377 525 631 706 979 1125 1698
11 37 55 131 184 358 457 643 755 986 1083 1522
20 39 56 103 229 280 418 528 697 829 1082 1371
22 31 62 135 257 290 469 570 742 974 1322 1397
11 33 53 115 198 268 522 587 758 918 1089 1697
11 50 82 131 169 297 418 599 756 916 1059 1979
19 26 58 150 191 262 505 654 770 940 1202 1602
14 46 80 102 166 328 483 600 767 944 1202 1788
17 36 67 148 258 316 434 576 676 869 1017 2338
22 45 77 121 228 335 462 594 816 850 1352 3142
20 33 79 145 226 331 447 628 779 963 1252 3695
14 38 67 154 166 350 464 582 788 993 1138 3149
13 50 51 127 165 391 419 633 742 831 1042 2572
12 28 77 141 166 349 464 557 673 914 1237 2679
12 47 77 112 166 390 456 558 755 900 1183 1848
11 28 52 109 175 277 423 624 672 884 1116 1370
18 30 70 109 185 267 489 598 733 920 1248 1396
14 48 65 93 239 327 413 616 796 934 1336 1431
15 33 81 108 255 262 524 649 690 892 1266 1667
15 49 54 111 229 284 498 595 738 913 1106 2225
17 33 53 134 223 263 407 625 792 996 1159 1625
12 36 59 125 246 276 509 578 700 958 1190 1980
14 32 55 99 183 332 422 639 745 990 1043 2116
24 43 65 136 168 259 468 533 799 886 1114 1613
21 47 56 139 204 374 434 570 709 829 1110 1595
13 27 55 126 228 385 444 582 814 871 1316 1504
15 29 65 87 205 310 422 633 674 998 1219 2688
18 31 72 119 181 382 435 609 731 838 1179 2754
14 34 84 146 159 323 416 541 795 960 1121 2575
11 29 84 138 186 323 435 606 774 827 1150 4286
18 39 54 144 194 330 408 657 765 884 1079 3387
13 30 51 150 251 302 446 620 733 925 1335 3987
16 27 70 143 172 325 445 605 676 891 1357 3673
11 37 54 149 243 286 464 554 710 966 1312 4138
14 27 55 116 193 357 397 655 760 938 1134 2653
16 29 66 146 195 325 479 656 705 820 1360 2210
19 38 59 110 235 348 423 659 681 943 1167 1572
17 41 82 105 171 360 516 625 813 967 1106 2169
19 27 68 112 250 361 403 649 711 916 1010 3454
12 29 83 153 179 389 507 621 757 843 1051 1928
15 30 80 142 256 339 417 544 800 956 1167 1853
15 43 78 113 155 368 463 608 706 950 1351 1740
14 26 67 111 167 279 421 569 675 923 1203 1793
13 49 61 135 255 270 460 575 791 829 1148 2003
12 34 52 89 158 278 522 549 676 963 1283 1690
24 48 65 101 169 271 433 651 799 869 1218 1897
12 43 71 124 231 272 501 615 673 884 1028 2577
14 26 84 95 193 325 399 612 722 938 1271 3505
20 45 56 97 198 386 459 652 732 907 1049 2916
16 50 79 113 222 343 485 618 734 901 1033 3086
13 41 56 94 247 343 497 631 795 938 1336 4650
12 48 51 140 193 325 431 581 816 923 1360 4198
11 50 75 90 169 338 448 565 790 981 1168 3129
20 37 57 120 178 389 440 616 677 875 1050 2719
23 31 71 139 241 295 525 581 677 915 1197 1992
11 32 63 129 212 313 508 585 719 852 1332 2107
15 42 62 144 159 308 404 586 685 935 1054 1575
15 45 83 137 162 364 508 588 708 841 1172 1660
22 39 72 92 182 370 525 532 769 881 1021 2457
16 50 55 116 222 334 471 535 702 941 1213 3504
20 43 58 107 168 280 520 603 715 899 1346 3437
12 34 64 90 200 390 434 575 757 888 1017 1711
17 29 80 101 225 374 451 655 680 917 1285 2248
17 49 81 137 230 271 488 607 818 953 1213 1910
15 43 62 106 222 338 501 637 711 966 1229 2496
21 41 66 87 233 370 456 619 783 932 1119 1946
15 50 54 127 159 346 517 577 765 889 1095 2127
14 49 51 95 237 284 490 646 754 984 1035 3845
18 44 60 100 187 325 468 592 743 994 1037 4105
17 44 66 138 167 262 493 534 762 889 1359 3436
20 32 75 92 184 285 500 652 743 867 1004 4048
11 42 79 97 211 373 491 628 816 848 1198 1702
19 36 85 89 173 376 400 644 681 994 1059 2061
16 44 57 93 225 275 451 570 680 842 1191 3304
15 30 76 151 208 357 474 532 723 946 1348 2265
13 36 61 95 167 276 457 651 788 874 1251 2109
13 35 81 120 188 327 505 559 733 836 1213 3585
12 36 83 154 203 315 498 551 804 858 1259 4562
19 34 85 94 229 294 424 543 698 880 1015 1663
23 33 61 138 210 281 522 654 755 985 1050 2248
14 36 69 120 157 360 469 529 710 996 1125 2109
14 35 74 111 234 316 408 632 732 974 1198 1396
12 38 63 139 188 308 449 588 706 910 1332 1406
16 40 77 110 220 288 425 616 806 888 1032 2198
11 40 63 118 191 379 403 577 714 932 1345 1993
11 43 83 153 179 276 400 596 727 975 1099 1446
25 42 77 149 164 262 416 621 738 873 1143 1399
11 38 65 137 237 305 494 659 710 928 1197 2541
13 50 82 139 235 305 467 661 752 914 1200 3043
14 36 66 126 223 319 516 631 692 983 1142 3297
12 44 51 153 219 307 515 597 736 855 1212 1667
19 35 83 97 189 358 465 535 715 945 1284 1653
24 50 80 93 216 316 414 632 770 997 1321 2225
12 30 59 120 198 374 406 541 758 883 1345 3892
20 37 63 133 179 361 505 579 692 878 1305 3171
11 26 77 145 161 295 503 578 780 877 1213 1716
12 26 58 122 164 381 474 651 793 957 1252 2229
18 41 80 127 183 281 403 568 774 918 1230 1830
14 42 79 116 165 296 402 557 720 865 1105 2350
12 40 82 150 252 323 520 607 702 852 1178 1389
11 27 53 124 157 346 483 572 673 885 1306 3232
25 41 63 141 168 337 470 601 723 864 1360 1818
16 47 62 126 251 300 480 533 671 871 1121 2730
18 34 65 151 192 363 497 550 719 918 1146 1735
25 33 72 91 222 298 479 543 801 819 1150 1619
21 47 58 99 190 296 405 547 671 875 1197 1682
16 36 81 102 239 342 497 531 688 833 1358 2207
19 38 69 121 172 271 444 576 699 825 1213 4458
19 31 61 126 187 289 446 533 787 865 1251 3174
18 42 63 138 189 268 403 543 686 869 1302 1577
16 48 81 145 208 330 523 647 771 875 1033 2081
14 45 76 139 234 306 461 548 694 840 1156 2409
17 45 53 136 214 319 472 530 765 942 1015 2012
21 36 53 135 167 264 526 629 754 853 1057 3257
15 27 86 143 159 297 510 552 806 921 999 2250
11 35 62 129 225 260 472 632 774 890 1059 2368
15 48 77 104 239 372 448 592 768 870 1012 2729
15 47 69 97 168 375 403 638 691 963 1317 1866
14 30 76 88 232 343 515 606 672 821 1127 2090
15 41 80 88 220 363 399 565 803 889 1102 3281
24 49 76 125 208 321 503 601 703 912 1131 4059
14 44 80 90 192 351 499 617 746 925 1293 1379
12 41 86 123 223 274 516 612 774 850 1109 1948
12 38 77 123 186 306 438 598 748 952 1266 2381
20 40 73 144 179 300 466 586 699 982 1284 2168
23 45 67 111 169 306 460 565 706 983 1008 2964
16 39 78 114 246 283 489 594 716 836 1018 3726
23 26 64 110 199 264 454 650 802 967 1295 3910
11 36 85 145 172 391 511 602 714 982 1252 2496
11 46 84 154 168 278 397 543 698 954 1242 2347
23 31 69 142 234 313 493 631 685 961 1084 4629
24 29 71 145 158 320 514 550 747 922 1286 3828
12 34 52 142 172 351 524 622 738 898 1351 5104
14 35 52 127 171 349 436 531 725 894 1243 1427
15 32 70 115 172 264 405 529 730 947 1016 4815
16 28 71 113 200 360 427 591 788 838 1170 2664
14 32 52 108 156 324 415 540 818 893 1321 1455
20 28 71 150 173 264 418 656 740 850 1180 3129
11 39 86 126 220 268 394 567 725 916 1019 3625
23 31 83 116 205 335 438 532 715 842 1084 3973
14 40 59 147 156 277 496 609 797 889 1126 3850
16 37 72 128 197 391 410 605 718 924 1194 3900
14 NA 86 118 173 364 443 617 675 855 1195 5038
20 NA 53 88 198 292 487 536 750 918 1308 2512
11 NA 77 109 159 388 403 663 745 825 1040 1730
12 NA 70 134 191 327 435 591 760 984 1064 3269
14 NA 60 97 160 344 410 566 743 889 1155 5322
23 NA 67 109 193 282 478 610 690 850 1100 2342
21 NA NA 147 175 267 399 621 791 NA 1004 2163
13 NA NA 105 199 351 500 592 694 NA 1197 1901
17 NA NA NA 193 348 500 633 682 NA 1091 3426
11 NA NA NA 232 264 477 529 675 NA 1064 2645
24 NA NA NA NA NA NA 604 793 NA 1234 2734
20 NA NA NA NA NA NA 634 NA NA 1354 NA
16 NA NA NA NA NA NA 606 NA NA 1019 NA
11 NA NA NA NA NA NA 664 NA NA NA NA
15 NA NA NA NA NA NA 528 NA NA NA NA
21 NA NA NA NA NA NA 648 NA NA NA NA
16 NA NA NA NA NA NA 527 NA NA NA NA
23 NA NA NA NA NA NA 590 NA NA NA NA
16 NA NA NA NA NA NA 576 NA NA NA NA
16 NA NA NA NA NA NA NA NA NA NA NA
15 NA NA NA NA NA NA NA NA NA NA NA
17 NA NA NA NA NA NA NA NA NA NA NA
15 NA NA NA NA NA NA NA NA NA NA NA
12 NA NA NA NA NA NA NA NA NA NA NA
15 NA NA NA NA NA NA NA NA NA NA NA
25 NA NA NA NA NA NA NA NA NA NA NA
15 NA NA NA NA NA NA NA NA NA NA NA
12 NA NA NA NA NA NA NA NA NA NA NA
20 NA NA NA NA NA NA NA NA NA NA NA
25 NA NA NA NA NA NA NA NA NA NA NA
19 NA NA NA NA NA NA NA NA NA NA NA
13 NA NA NA NA NA NA NA NA NA NA NA
19 NA NA NA NA NA NA NA NA NA NA NA
12 NA NA NA NA NA NA NA NA NA NA NA
13 NA NA NA NA NA NA NA NA NA NA NA
18 NA NA NA NA NA NA NA NA NA NA NA
23 NA NA NA NA NA NA NA NA NA NA NA
15 NA NA NA NA NA NA NA NA NA NA NA
11 NA NA NA NA NA NA NA NA NA NA NA
12 NA NA NA NA NA NA NA NA NA NA NA
25 NA NA NA NA NA NA NA NA NA NA NA
14 NA NA NA NA NA NA NA NA NA NA NA
17 NA NA NA NA NA NA NA NA NA NA NA
