NA
116.536711393943
172.210302925625
161.918726980479
266.430129283018
205.428911211167
229.506177043789
216.272540189575
166.597357074447
112.254635612937
182.246094939751
410.95529362706
696.864749692989
2302.50707011198
3371.87716871914
3547.28921642011
1663.19669075635
488.982271817164
211.83494175198
271.043268824169
330.631496802543
610.509990128026
842.293421121478
1688.66306187313
1933.18180482631
2444.8325279743
3453.28209378364
2899.86622445744
2210.42233194584
744.749074146163
87.4315007043796
539.932911825175
490.74574739022
402.124714636621
429.792839594617
607.616188196131
1529.62056188242
2553.16461008077
4006.02694892481
3447.96151236321
1240.16116619325
316.800465118544
173.445566808159
252.211637337889
264.542411163204
161.783777264331
221.564420698115
240.596863986058
369.657869829096
277.111874645936
230.6052926668
212.010262030147
239.71024452267
147.357233481235
116.226352301698
129.649345702399
136.040080484892
212.045463050026
120.427388812595
NA
