1
0.000000 
0.000000	0.000000	
0.000000	0.000000	
1.000000 
0.060895	0.060895	
0.000000	0.000000	
2.000000 
0.126528	0.126528	
0.000000	0.000000	
3.000000 
0.197255	0.197255	
0.000000	0.000000	
4.000000 
0.273457	0.273457	
0.000000	0.000000	
5.000000 
0.355541	0.355541	
0.000000	0.000000	
6.000000 
0.443941	0.443941	
0.000000	0.000000	
7.000000 
0.539118	0.539118	
0.000000	0.000000	
8.000000 
0.641566	0.641566	
0.000000	0.000000	
9.000000 
0.751807	0.751807	
0.000000	0.000000	
10.000000 
0.870398	0.870398	
0.000000	0.000000	
11.000000 
0.997929	0.997929	
0.000000	0.000000	
12.000000 
1.135027	1.135027	
0.000000	0.000000	
13.000000 
1.282355	1.282355	
0.000000	0.000000	
14.000000 
1.440614	1.440614	
0.000000	0.000000	
15.000000 
1.610545	1.610545	
0.000000	0.000000	
16.000000 
1.792933	1.792933	
0.000000	0.000000	
17.000000 
1.988602	1.988602	
0.000000	0.000000	
18.000000 
2.198420	2.198420	
0.000000	0.000000	
19.000000 
2.423302	2.423302	
0.000000	0.000000	
20.000000 
2.664207	2.664207	
0.000000	0.000000	
21.000000 
2.922139	2.922139	
0.000000	0.000000	
22.000000 
3.198153	3.198153	
0.000000	0.000000	
23.000000 
3.493348	3.493348	
0.000000	0.000000	
24.000000 
3.808872	3.808872	
0.000000	0.000000	
25.000000 
4.145923	4.145923	
0.000000	0.000000	
26.000000 
4.505743	4.505743	
0.000000	0.000000	
27.000000 
4.889625	4.889625	
0.000000	0.000000	
28.000000 
5.298906	5.298906	
0.000000	0.000000	
29.000000 
5.734971	5.734971	
0.000000	0.000000	
30.000000 
6.199248	6.199248	
0.000000	0.000000	
31.000000 
6.693207	6.693207	
0.000000	0.000000	
32.000000 
7.218360	7.218360	
0.000000	0.000000	
33.000000 
7.776255	7.776255	
0.000000	0.000000	
34.000000 
8.368476	8.368476	
0.000000	0.000000	
35.000000 
8.996639	8.996639	
0.000000	0.000000	
36.000000 
9.662386	9.662386	
0.000000	0.000000	
37.000000 
10.367386	10.367386	
0.000000	0.000000	
38.000000 
11.113322	11.113322	
0.000000	0.000000	
39.000000 
11.901895	11.901895	
0.000000	0.000000	
40.000000 
12.734809	12.734809	
0.000000	0.000000	
41.000000 
13.613773	13.613773	
0.000000	0.000000	
42.000000 
14.540489	14.540489	
0.000000	0.000000	
43.000000 
15.516648	15.516648	
0.000000	0.000000	
44.000000 
16.543919	16.543919	
0.000000	0.000000	
45.000000 
17.623944	17.623944	
0.000000	0.000000	
46.000000 
18.758329	18.758329	
0.000000	0.000000	
47.000000 
19.948635	19.948635	
0.000000	0.000000	
48.000000 
21.196368	21.196368	
0.000000	0.000000	
49.000000 
22.502970	22.502970	
0.000000	0.000000	
50.000000 
23.869811	23.869811	
0.000000	0.000000	
51.000000 
25.298178	25.298178	
0.000000	0.000000	
52.000000 
26.789266	26.789266	
0.000000	0.000000	
53.000000 
28.344168	28.344168	
0.000000	0.000000	
54.000000 
29.963865	29.963865	
0.000000	0.000000	
55.000000 
31.649215	31.649215	
0.000000	0.000000	
56.000000 
33.400949	33.400949	
0.000000	0.000000	
57.000000 
35.219657	35.219657	
0.000000	0.000000	
58.000000 
37.105779	37.105779	
0.000000	0.000000	
59.000000 
39.059601	39.059601	
0.000000	0.000000	
60.000000 
41.081245	41.081245	
0.000000	0.000000	
61.000000 
43.170662	43.170662	
0.000000	0.000000	
62.000000 
45.327627	45.327627	
0.000000	0.000000	
63.000000 
47.551733	47.551733	
0.000000	0.000000	
64.000000 
49.842385	49.842385	
0.000000	0.000000	
65.000000 
52.198801	52.198801	
0.000000	0.000000	
66.000000 
54.620003	54.620003	
0.000000	0.000000	
67.000000 
57.104821	57.104821	
0.000000	0.000000	
68.000000 
59.651890	59.651890	
0.000000	0.000000	
69.000000 
62.259652	62.259652	
0.000000	0.000000	
70.000000 
64.926357	64.926357	
0.000000	0.000000	
71.000000 
67.650064	67.650064	
0.000000	0.000000	
72.000000 
70.428649	70.428649	
0.000000	0.000000	
73.000000 
73.259809	73.259809	
0.000000	0.000000	
74.000000 
76.141065	76.141065	
0.000000	0.000000	
75.000000 
79.069775	79.069775	
0.000000	0.000000	
76.000000 
82.043137	82.043137	
0.000000	0.000000	
77.000000 
85.058201	85.058201	
0.000000	0.000000	
78.000000 
88.111881	88.111881	
0.000000	0.000000	
79.000000 
91.200962	91.200962	
0.000000	0.000000	
80.000000 
94.322115	94.322115	
0.000000	0.000000	
81.000000 
97.471907	97.471907	
0.000000	0.000000	
82.000000 
100.646818	100.646818	
0.000000	0.000000	
83.000000 
103.843250	103.843250	
0.000000	0.000000	
84.000000 
107.057543	107.057543	
0.000000	0.000000	
85.000000 
110.285989	110.285989	
0.000000	0.000000	
86.000000 
113.524849	113.524849	
0.000000	0.000000	
87.000000 
116.770361	116.770361	
0.000000	0.000000	
88.000000 
120.018761	120.018761	
0.000000	0.000000	
89.000000 
123.266295	123.266295	
0.000000	0.000000	
90.000000 
126.509230	126.509230	
0.000000	0.000000	
91.000000 
129.743872	129.743872	
0.000000	0.000000	
92.000000 
132.966580	132.966580	
0.000000	0.000000	
93.000000 
136.173771	136.173771	
0.000000	0.000000	
94.000000 
139.361945	139.361945	
0.000000	0.000000	
95.000000 
142.527683	142.527683	
0.000000	0.000000	
96.000000 
145.667670	145.667670	
0.000000	0.000000	
97.000000 
148.778697	148.778697	
0.000000	0.000000	
98.000000 
151.857674	151.857674	
0.000000	0.000000	
99.000000 
154.901639	154.901639	
0.000000	0.000000	
100.000000 
157.907764	157.907764	
0.000000	0.000000	
101.000000 
160.873363	160.873363	
0.000000	0.000000	
102.000000 
163.795900	163.795900	
0.000000	0.000000	
103.000000 
166.672990	166.672990	
0.000000	0.000000	
104.000000 
169.502406	169.502406	
0.000000	0.000000	
105.000000 
172.282084	172.282084	
0.000000	0.000000	
106.000000 
175.010121	175.010121	
0.000000	0.000000	
107.000000 
177.684780	177.684780	
0.000000	0.000000	
108.000000 
180.304491	180.304491	
0.000000	0.000000	
109.000000 
182.867851	182.867851	
0.000000	0.000000	
110.000000 
185.373619	185.373619	
0.000000	0.000000	
111.000000 
187.820721	187.820721	
0.000000	0.000000	
112.000000 
190.208244	190.208244	
0.000000	0.000000	
113.000000 
192.535434	192.535434	
0.000000	0.000000	
114.000000 
194.801694	194.801694	
0.000000	0.000000	
115.000000 
197.006575	197.006575	
0.000000	0.000000	
116.000000 
199.149780	199.149780	
0.000000	0.000000	
117.000000 
201.231150	201.231150	
0.000000	0.000000	
118.000000 
203.250666	203.250666	
0.000000	0.000000	
119.000000 
205.208439	205.208439	
0.000000	0.000000	
120.000000 
207.104704	207.104704	
0.000000	0.000000	
121.000000 
208.939816	208.939816	
0.000000	0.000000	
122.000000 
210.714243	210.714243	
0.000000	0.000000	
123.000000 
212.428558	212.428558	
0.000000	0.000000	
124.000000 
214.083433	214.083433	
0.000000	0.000000	
125.000000 
215.679631	215.679631	
0.000000	0.000000	
126.000000 
217.218001	217.218001	
0.000000	0.000000	
127.000000 
218.699471	218.699471	
0.000000	0.000000	
128.000000 
220.125038	220.125038	
0.000000	0.000000	
129.000000 
221.495766	221.495766	
0.000000	0.000000	
130.000000 
222.812776	222.812776	
0.000000	0.000000	
131.000000 
224.077240	224.077240	
0.000000	0.000000	
132.000000 
225.290374	225.290374	
0.000000	0.000000	
133.000000 
226.453434	226.453434	
0.000000	0.000000	
134.000000 
227.567709	227.567709	
0.000000	0.000000	
135.000000 
228.634515	228.634515	
0.000000	0.000000	
136.000000 
229.655187	229.655187	
0.000000	0.000000	
137.000000 
230.631080	230.631080	
0.000000	0.000000	
138.000000 
231.563557	231.563557	
0.000000	0.000000	
139.000000 
232.453989	232.453989	
0.000000	0.000000	
140.000000 
233.303749	233.303749	
0.000000	0.000000	
141.000000 
234.114207	234.114207	
0.000000	0.000000	
142.000000 
234.886728	234.886728	
0.000000	0.000000	
143.000000 
235.622666	235.622666	
0.000000	0.000000	
144.000000 
236.323364	236.323364	
0.000000	0.000000	
145.000000 
236.990147	236.990147	
0.000000	0.000000	
146.000000 
237.624322	237.624322	
0.000000	0.000000	
147.000000 
238.227176	238.227176	
0.000000	0.000000	
148.000000 
238.799971	238.799971	
0.000000	0.000000	
149.000000 
239.343944	239.343944	
0.000000	0.000000	
150.000000 
239.860305	239.860305	
0.000000	0.000000	
151.000000 
240.350235	240.350235	
0.000000	0.000000	
152.000000 
240.814886	240.814886	
0.000000	0.000000	
153.000000 
241.255378	241.255378	
0.000000	0.000000	
154.000000 
241.672800	241.672800	
0.000000	0.000000	
155.000000 
242.068207	242.068207	
0.000000	0.000000	
156.000000 
242.442623	242.442623	
0.000000	0.000000	
157.000000 
242.797036	242.797036	
0.000000	0.000000	
158.000000 
243.132404	243.132404	
0.000000	0.000000	
159.000000 
243.449648	243.449648	
0.000000	0.000000	
160.000000 
243.749656	243.749656	
0.000000	0.000000	
161.000000 
244.033285	244.033285	
0.000000	0.000000	
162.000000 
244.301357	244.301357	
0.000000	0.000000	
163.000000 
244.554660	244.554660	
0.000000	0.000000	
164.000000 
244.793954	244.793954	
0.000000	0.000000	
165.000000 
245.019962	245.019962	
0.000000	0.000000	
166.000000 
245.233381	245.233381	
0.000000	0.000000	
167.000000 
245.434875	245.434875	
0.000000	0.000000	
168.000000 
245.625078	245.625078	
0.000000	0.000000	
169.000000 
245.804597	245.804597	
0.000000	0.000000	
170.000000 
245.974010	245.974010	
0.000000	0.000000	
171.000000 
246.133867	246.133867	
0.000000	0.000000	
172.000000 
246.284693	246.284693	
0.000000	0.000000	
173.000000 
246.426988	246.426988	
0.000000	0.000000	
174.000000 
246.561225	246.561225	
0.000000	0.000000	
175.000000 
246.687856	246.687856	
0.000000	0.000000	
176.000000 
246.807308	246.807308	
0.000000	0.000000	
177.000000 
246.919988	246.919988	
0.000000	0.000000	
178.000000 
247.026280	247.026280	
0.000000	0.000000	
179.000000 
247.126549	247.126549	
0.000000	0.000000	
180.000000 
247.221142	247.221142	
0.000000	0.000000	
181.000000 
247.310384	247.310384	
0.000000	0.000000	
182.000000 
247.394586	247.394586	
0.000000	0.000000	
183.000000 
247.474039	247.474039	
0.000000	0.000000	
184.000000 
247.549021	247.549021	
0.000000	0.000000	
185.000000 
247.619792	247.619792	
0.000000	0.000000	
186.000000 
247.686598	247.686598	
0.000000	0.000000	
187.000000 
247.749673	247.749673	
0.000000	0.000000	
188.000000 
247.809235	247.809235	
0.000000	0.000000	
189.000000 
247.865493	247.865493	
0.000000	0.000000	
190.000000 
247.918640	247.918640	
0.000000	0.000000	
191.000000 
247.968860	247.968860	
0.000000	0.000000	
192.000000 
248.016328	248.016328	
0.000000	0.000000	
193.000000 
248.061205	248.061205	
0.000000	0.000000	
194.000000 
248.103646	248.103646	
0.000000	0.000000	
195.000000 
248.143794	248.143794	
0.000000	0.000000	
196.000000 
248.181787	248.181787	
0.000000	0.000000	
197.000000 
248.217751	248.217751	
0.000000	0.000000	
198.000000 
248.251807	248.251807	
0.000000	0.000000	
199.000000 
248.284069	248.284069	
0.000000	0.000000	
200.000000 
248.314642	248.314642	
0.000000	0.000000	
201.000000 
248.343628	248.343628	
0.000000	0.000000	
202.000000 
248.371118	248.371118	
0.000000	0.000000	
203.000000 
248.397204	248.397204	
0.000000	0.000000	
204.000000 
248.421966	248.421966	
0.000000	0.000000	
205.000000 
248.445483	248.445483	
0.000000	0.000000	
206.000000 
248.467830	248.467830	
0.000000	0.000000	
207.000000 
248.489073	248.489073	
0.000000	0.000000	
208.000000 
248.509279	248.509279	
0.000000	0.000000	
209.000000 
248.528509	248.528509	
0.000000	0.000000	
210.000000 
248.546818	248.546818	
0.000000	0.000000	
211.000000 
248.564261	248.564261	
0.000000	0.000000	
212.000000 
248.580889	248.580889	
0.000000	0.000000	
213.000000 
248.596749	248.596749	
0.000000	0.000000	
214.000000 
248.611886	248.611886	
0.000000	0.000000	
215.000000 
248.626340	248.626340	
0.000000	0.000000	
216.000000 
248.640153	248.640153	
0.000000	0.000000	
217.000000 
248.653360	248.653360	
0.000000	0.000000	
218.000000 
248.665997	248.665997	
0.000000	0.000000	
219.000000 
248.678096	248.678096	
0.000000	0.000000	
220.000000 
248.689689	248.689689	
0.000000	0.000000	
221.000000 
248.700803	248.700803	
0.000000	0.000000	
222.000000 
248.711467	248.711467	
0.000000	0.000000	
223.000000 
248.721706	248.721706	
0.000000	0.000000	
224.000000 
248.731544	248.731544	
0.000000	0.000000	
225.000000 
248.741004	248.741004	
0.000000	0.000000	
226.000000 
248.750107	248.750107	
0.000000	0.000000	
227.000000 
248.758874	248.758874	
0.000000	0.000000	
228.000000 
248.767323	248.767323	
0.000000	0.000000	
229.000000 
248.775473	248.775473	
0.000000	0.000000	
230.000000 
248.783340	248.783340	
0.000000	0.000000	
231.000000 
248.790940	248.790940	
0.000000	0.000000	
232.000000 
248.798289	248.798289	
0.000000	0.000000	
233.000000 
248.805401	248.805401	
0.000000	0.000000	
234.000000 
248.812289	248.812289	
0.000000	0.000000	
235.000000 
248.818966	248.818966	
0.000000	0.000000	
236.000000 
248.825443	248.825443	
0.000000	0.000000	
237.000000 
248.831734	248.831734	
0.000000	0.000000	
238.000000 
248.837847	248.837847	
0.000000	0.000000	
239.000000 
248.843794	248.843794	
0.000000	0.000000	
240.000000 
248.849584	248.849584	
0.000000	0.000000	
241.000000 
248.855226	248.855226	
0.000000	0.000000	
242.000000 
248.860730	248.860730	
0.000000	0.000000	
243.000000 
248.866103	248.866103	
0.000000	0.000000	
244.000000 
248.871354	248.871354	
0.000000	0.000000	
245.000000 
248.876490	248.876490	
0.000000	0.000000	
246.000000 
248.881518	248.881518	
0.000000	0.000000	
247.000000 
248.886446	248.886446	
0.000000	0.000000	
248.000000 
248.891280	248.891280	
0.000000	0.000000	
249.000000 
248.896026	248.896026	
0.000000	0.000000	
250.000000 
248.900690	248.900690	
0.000000	0.000000	
251.000000 
248.905278	248.905278	
0.000000	0.000000	
252.000000 
248.909797	248.909797	
0.000000	0.000000	
253.000000 
248.914251	248.914251	
0.000000	0.000000	
254.000000 
248.918645	248.918645	
0.000000	0.000000	
255.000000 
248.922985	248.922985	
0.000000	0.000000	
256.000000 
248.927276	248.927276	
0.000000	0.000000	
257.000000 
248.931522	248.931522	
0.000000	0.000000	
258.000000 
248.935729	248.935729	
0.000000	0.000000	
259.000000 
248.939900	248.939900	
0.000000	0.000000	
260.000000 
248.944040	248.944040	
0.000000	0.000000	
261.000000 
248.948153	248.948153	
0.000000	0.000000	
262.000000 
248.952245	248.952245	
0.000000	0.000000	
263.000000 
248.956318	248.956318	
0.000000	0.000000	
264.000000 
248.960378	248.960378	
0.000000	0.000000	
265.000000 
248.964428	248.964428	
0.000000	0.000000	
266.000000 
248.968472	248.968472	
0.000000	0.000000	
267.000000 
248.972515	248.972515	
0.000000	0.000000	
268.000000 
248.976561	248.976561	
0.000000	0.000000	
269.000000 
248.980614	248.980614	
0.000000	0.000000	
270.000000 
248.984678	248.984678	
0.000000	0.000000	
271.000000 
248.988757	248.988757	
0.000000	0.000000	
272.000000 
248.992855	248.992855	
0.000000	0.000000	
273.000000 
248.996977	248.996977	
0.000000	0.000000	
274.000000 
249.001127	249.001127	
0.000000	0.000000	
275.000000 
249.005310	249.005310	
0.000000	0.000000	
276.000000 
249.009529	249.009529	
0.000000	0.000000	
277.000000 
249.013790	249.013790	
0.000000	0.000000	
278.000000 
249.018097	249.018097	
0.000000	0.000000	
279.000000 
249.022456	249.022456	
0.000000	0.000000	
280.000000 
249.026870	249.026870	
0.000000	0.000000	
281.000000 
249.031346	249.031346	
0.000000	0.000000	
282.000000 
249.035889	249.035889	
0.000000	0.000000	
283.000000 
249.040503	249.040503	
0.000000	0.000000	
284.000000 
249.045196	249.045196	
0.000000	0.000000	
285.000000 
249.049972	249.049972	
0.000000	0.000000	
286.000000 
249.054839	249.054839	
0.000000	0.000000	
287.000000 
249.059802	249.059802	
0.000000	0.000000	
288.000000 
249.064869	249.064869	
0.000000	0.000000	
289.000000 
249.070046	249.070046	
0.000000	0.000000	
290.000000 
249.075341	249.075341	
0.000000	0.000000	
291.000000 
249.080761	249.080761	
0.000000	0.000000	
292.000000 
249.086316	249.086316	
0.000000	0.000000	
293.000000 
249.092013	249.092013	
0.000000	0.000000	
294.000000 
249.097861	249.097861	
0.000000	0.000000	
295.000000 
249.103871	249.103871	
0.000000	0.000000	
296.000000 
249.110051	249.110051	
0.000000	0.000000	
297.000000 
249.116413	249.116413	
0.000000	0.000000	
298.000000 
249.122968	249.122968	
0.000000	0.000000	
299.000000 
249.129727	249.129727	
0.000000	0.000000	
300.000000 
249.136703	249.136703	
0.000000	0.000000	
301.000000 
249.143910	249.143910	
0.000000	0.000000	
302.000000 
249.151360	249.151360	
0.000000	0.000000	
303.000000 
249.159069	249.159069	
0.000000	0.000000	
304.000000 
249.167053	249.167053	
0.000000	0.000000	
305.000000 
249.175327	249.175327	
0.000000	0.000000	
306.000000 
249.183910	249.183910	
0.000000	0.000000	
307.000000 
249.192820	249.192820	
0.000000	0.000000	
308.000000 
249.202078	249.202078	
0.000000	0.000000	
309.000000 
249.211703	249.211703	
0.000000	0.000000	
310.000000 
249.221718	249.221718	
0.000000	0.000000	
311.000000 
249.232148	249.232148	
0.000000	0.000000	
312.000000 
249.243016	249.243016	
0.000000	0.000000	
313.000000 
249.254351	249.254351	
0.000000	0.000000	
314.000000 
249.266180	249.266180	
0.000000	0.000000	
315.000000 
249.278534	249.278534	
0.000000	0.000000	
316.000000 
249.291445	249.291445	
0.000000	0.000000	
317.000000 
249.304947	249.304947	
0.000000	0.000000	
318.000000 
249.319077	249.319077	
0.000000	0.000000	
319.000000 
249.333874	249.333874	
0.000000	0.000000	
320.000000 
249.349378	249.349378	
0.000000	0.000000	
321.000000 
249.365635	249.365635	
0.000000	0.000000	
322.000000 
249.382691	249.382691	
0.000000	0.000000	
323.000000 
249.400597	249.400597	
0.000000	0.000000	
324.000000 
249.419404	249.419404	
0.000000	0.000000	
325.000000 
249.439171	249.439171	
0.000000	0.000000	
326.000000 
249.459958	249.459958	
0.000000	0.000000	
327.000000 
249.481829	249.481829	
0.000000	0.000000	
328.000000 
249.504852	249.504852	
0.000000	0.000000	
329.000000 
249.529102	249.529102	
0.000000	0.000000	
330.000000 
249.554656	249.554656	
0.000000	0.000000	
331.000000 
249.581596	249.581596	
0.000000	0.000000	
332.000000 
249.610012	249.610012	
0.000000	0.000000	
333.000000 
249.639998	249.639998	
0.000000	0.000000	
334.000000 
249.671655	249.671655	
0.000000	0.000000	
335.000000 
249.705088	249.705088	
0.000000	0.000000	
336.000000 
249.740413	249.740413	
0.000000	0.000000	
337.000000 
249.777750	249.777750	
0.000000	0.000000	
338.000000 
249.817229	249.817229	
0.000000	0.000000	
339.000000 
249.858987	249.858987	
0.000000	0.000000	
340.000000 
249.903171	249.903171	
0.000000	0.000000	
341.000000 
249.949937	249.949937	
0.000000	0.000000	
342.000000 
249.999450	249.999450	
0.000000	0.000000	
343.000000 
250.051887	250.051887	
0.000000	0.000000	
344.000000 
250.107435	250.107435	
0.000000	0.000000	
345.000000 
250.166293	250.166293	
0.000000	0.000000	
346.000000 
250.228673	250.228673	
0.000000	0.000000	
347.000000 
250.294801	250.294801	
0.000000	0.000000	
348.000000 
250.364916	250.364916	
0.000000	0.000000	
349.000000 
250.439270	250.439270	
0.000000	0.000000	
350.000000 
250.518134	250.518134	
0.000000	0.000000	
351.000000 
250.601793	250.601793	
0.000000	0.000000	
352.000000 
250.690549	250.690549	
0.000000	0.000000	
353.000000 
250.784725	250.784725	
0.000000	0.000000	
354.000000 
250.884658	250.884658	
0.000000	0.000000	
355.000000 
250.990711	250.990711	
0.000000	0.000000	
356.000000 
251.103262	251.103262	
0.000000	0.000000	
357.000000 
251.222716	251.222716	
0.000000	0.000000	
358.000000 
251.349497	251.349497	
0.000000	0.000000	
359.000000 
251.484056	251.484056	
0.000000	0.000000	
360.000000 
251.626866	251.626866	
0.000000	0.000000	
361.000000 
251.778428	251.778428	
0.000000	0.000000	
362.000000 
251.939269	251.939269	
0.000000	0.000000	
363.000000 
252.109946	252.109946	
0.000000	0.000000	
364.000000 
252.291043	252.291043	
0.000000	0.000000	
365.000000 
252.483175	252.483175	
0.000000	0.000000	
366.000000 
252.686987	252.686987	
0.000000	0.000000	
367.000000 
252.903159	252.903159	
0.000000	0.000000	
368.000000 
253.132400	253.132400	
0.000000	0.000000	
369.000000 
253.375458	253.375458	
0.000000	0.000000	
370.000000 
253.633110	253.633110	
0.000000	0.000000	
371.000000 
253.906174	253.906174	
0.000000	0.000000	
372.000000 
254.195501	254.195501	
0.000000	0.000000	
373.000000 
254.501980	254.501980	
0.000000	0.000000	
374.000000 
254.826537	254.826537	
0.000000	0.000000	
375.000000 
255.170136	255.170136	
0.000000	0.000000	
376.000000 
255.533780	255.533780	
0.000000	0.000000	
377.000000 
255.918508	255.918508	
0.000000	0.000000	
378.000000 
256.325400	256.325400	
0.000000	0.000000	
379.000000 
256.755571	256.755571	
0.000000	0.000000	
380.000000 
257.210176	257.210176	
0.000000	0.000000	
381.000000 
257.690406	257.690406	
0.000000	0.000000	
382.000000 
258.197488	258.197488	
0.000000	0.000000	
383.000000 
258.732683	258.732683	
0.000000	0.000000	
384.000000 
259.297289	259.297289	
0.000000	0.000000	
385.000000 
259.892632	259.892632	
0.000000	0.000000	
386.000000 
260.520072	260.520072	
0.000000	0.000000	
387.000000 
261.180994	261.180994	
0.000000	0.000000	
388.000000 
261.876811	261.876811	
0.000000	0.000000	
389.000000 
262.608956	262.608956	
0.000000	0.000000	
390.000000 
263.378885	263.378885	
0.000000	0.000000	
391.000000 
264.188068	264.188068	
0.000000	0.000000	
392.000000 
265.037987	265.037987	
0.000000	0.000000	
393.000000 
265.930134	265.930134	
0.000000	0.000000	
394.000000 
266.866001	266.866001	
0.000000	0.000000	
395.000000 
267.847082	267.847082	
0.000000	0.000000	
396.000000 
268.874863	268.874863	
0.000000	0.000000	
397.000000 
269.950818	269.950818	
0.000000	0.000000	
398.000000 
271.076401	271.076401	
0.000000	0.000000	
399.000000 
272.253044	272.253044	
0.000000	0.000000	
400.000000 
273.482148	273.482148	
0.000000	0.000000	
401.000000 
274.765073	274.765073	
0.000000	0.000000	
402.000000 
276.103137	276.103137	
0.000000	0.000000	
403.000000 
277.497605	277.497605	
0.000000	0.000000	
404.000000 
278.949681	278.949681	
0.000000	0.000000	
405.000000 
280.460505	280.460505	
0.000000	0.000000	
406.000000 
282.031139	282.031139	
0.000000	0.000000	
407.000000 
283.662564	283.662564	
0.000000	0.000000	
408.000000 
285.355668	285.355668	
0.000000	0.000000	
409.000000 
287.111245	287.111245	
0.000000	0.000000	
410.000000 
288.929980	288.929980	
0.000000	0.000000	
411.000000 
290.812446	290.812446	
0.000000	0.000000	
412.000000 
292.759097	292.759097	
0.000000	0.000000	
413.000000 
294.770259	294.770259	
0.000000	0.000000	
414.000000 
296.846125	296.846125	
0.000000	0.000000	
415.000000 
298.986746	298.986746	
0.000000	0.000000	
416.000000 
301.192033	301.192033	
0.000000	0.000000	
417.000000 
303.461742	303.461742	
0.000000	0.000000	
418.000000 
305.795477	305.795477	
0.000000	0.000000	
419.000000 
308.192683	308.192683	
0.000000	0.000000	
420.000000 
310.652643	310.652643	
0.000000	0.000000	
421.000000 
313.174478	313.174478	
0.000000	0.000000	
422.000000 
315.757141	315.757141	
0.000000	0.000000	
423.000000 
318.399420	318.399420	
0.000000	0.000000	
424.000000 
321.099939	321.099939	
0.000000	0.000000	
425.000000 
323.857153	323.857153	
0.000000	0.000000	
426.000000 
326.669357	326.669357	
0.000000	0.000000	
427.000000 
329.534685	329.534685	
0.000000	0.000000	
428.000000 
332.451112	332.451112	
0.000000	0.000000	
429.000000 
335.416462	335.416462	
0.000000	0.000000	
430.000000 
338.428413	338.428413	
0.000000	0.000000	
431.000000 
341.484500	341.484500	
0.000000	0.000000	
432.000000 
344.582123	344.582123	
0.000000	0.000000	
433.000000 
347.718560	347.718560	
0.000000	0.000000	
434.000000 
350.890965	350.890965	
0.000000	0.000000	
435.000000 
354.096387	354.096387	
0.000000	0.000000	
436.000000 
357.331775	357.331775	
0.000000	0.000000	
437.000000 
360.593987	360.593987	
0.000000	0.000000	
438.000000 
363.879805	363.879805	
0.000000	0.000000	
439.000000 
367.185940	367.185940	
0.000000	0.000000	
440.000000 
370.509049	370.509049	
0.000000	0.000000	
441.000000 
373.845743	373.845743	
0.000000	0.000000	
442.000000 
377.192602	377.192602	
0.000000	0.000000	
443.000000 
380.546182	380.546182	
0.000000	0.000000	
444.000000 
383.903031	383.903031	
0.000000	0.000000	
445.000000 
387.259701	387.259701	
0.000000	0.000000	
446.000000 
390.612755	390.612755	
0.000000	0.000000	
447.000000 
393.958784	393.958784	
0.000000	0.000000	
448.000000 
397.294415	397.294415	
0.000000	0.000000	
449.000000 
400.616322	400.616322	
0.000000	0.000000	
450.000000 
403.921240	403.921240	
0.000000	0.000000	
451.000000 
407.205968	407.205968	
0.000000	0.000000	
452.000000 
410.467387	410.467387	
0.000000	0.000000	
453.000000 
413.702462	413.702462	
0.000000	0.000000	
454.000000 
416.908255	416.908255	
0.000000	0.000000	
455.000000 
420.081932	420.081932	
0.000000	0.000000	
456.000000 
423.220766	423.220766	
0.000000	0.000000	
457.000000 
426.322152	426.322152	
0.000000	0.000000	
458.000000 
429.383603	429.383603	
0.000000	0.000000	
459.000000 
432.402764	432.402764	
0.000000	0.000000	
460.000000 
435.377411	435.377411	
0.000000	0.000000	
461.000000 
438.305457	438.305457	
0.000000	0.000000	
462.000000 
441.184955	441.184955	
0.000000	0.000000	
463.000000 
444.014098	444.014098	
0.000000	0.000000	
464.000000 
446.791226	446.791226	
0.000000	0.000000	
465.000000 
449.514821	449.514821	
0.000000	0.000000	
466.000000 
452.183513	452.183513	
0.000000	0.000000	
467.000000 
454.796075	454.796075	
0.000000	0.000000	
468.000000 
457.351426	457.351426	
0.000000	0.000000	
469.000000 
459.848628	459.848628	
0.000000	0.000000	
470.000000 
462.286884	462.286884	
0.000000	0.000000	
471.000000 
464.665536	464.665536	
0.000000	0.000000	
472.000000 
466.984062	466.984062	
0.000000	0.000000	
473.000000 
469.242072	469.242072	
0.000000	0.000000	
474.000000 
471.439307	471.439307	
0.000000	0.000000	
475.000000 
473.575631	473.575631	
0.000000	0.000000	
476.000000 
475.651031	475.651031	
0.000000	0.000000	
477.000000 
477.665609	477.665609	
0.000000	0.000000	
478.000000 
479.619576	479.619576	
0.000000	0.000000	
479.000000 
481.513252	481.513252	
0.000000	0.000000	
480.000000 
483.347056	483.347056	
0.000000	0.000000	
481.000000 
485.121502	485.121502	
0.000000	0.000000	
482.000000 
486.837195	486.837195	
0.000000	0.000000	
483.000000 
488.494821	488.494821	
0.000000	0.000000	
484.000000 
490.095148	490.095148	
0.000000	0.000000	
485.000000 
491.639013	491.639013	
0.000000	0.000000	
486.000000 
493.127320	493.127320	
0.000000	0.000000	
487.000000 
494.561036	494.561036	
0.000000	0.000000	
488.000000 
495.941182	495.941182	
0.000000	0.000000	
489.000000 
497.268827	497.268827	
0.000000	0.000000	
490.000000 
498.545087	498.545087	
0.000000	0.000000	
491.000000 
499.771115	499.771115	
0.000000	0.000000	
492.000000 
500.948098	500.948098	
0.000000	0.000000	
493.000000 
502.077254	502.077254	
0.000000	0.000000	
494.000000 
503.159821	503.159821	
0.000000	0.000000	
495.000000 
504.197059	504.197059	
0.000000	0.000000	
496.000000 
505.190242	505.190242	
0.000000	0.000000	
497.000000 
506.140653	506.140653	
0.000000	0.000000	
498.000000 
507.049585	507.049585	
0.000000	0.000000	
499.000000 
507.918329	507.918329	
0.000000	0.000000	
500.000000 
508.748179	508.748179	
0.000000	0.000000	
501.000000 
509.540422	509.540422	
0.000000	0.000000	
502.000000 
510.296338	510.296338	
0.000000	0.000000	
503.000000 
511.017199	511.017199	
0.000000	0.000000	
504.000000 
511.704260	511.704260	
0.000000	0.000000	
505.000000 
512.358763	512.358763	
0.000000	0.000000	
506.000000 
512.981931	512.981931	
0.000000	0.000000	
507.000000 
513.574968	513.574968	
0.000000	0.000000	
508.000000 
514.139056	514.139056	
0.000000	0.000000	
509.000000 
514.675353	514.675353	
0.000000	0.000000	
510.000000 
515.184992	515.184992	
0.000000	0.000000	
511.000000 
515.669081	515.669081	
0.000000	0.000000	
512.000000 
516.128700	516.128700	
0.000000	0.000000	
513.000000 
516.564901	516.564901	
0.000000	0.000000	
514.000000 
516.978707	516.978707	
0.000000	0.000000	
515.000000 
517.371114	517.371114	
0.000000	0.000000	
516.000000 
517.743083	517.743083	
0.000000	0.000000	
517.000000 
518.095551	518.095551	
0.000000	0.000000	
518.000000 
518.429419	518.429419	
0.000000	0.000000	
519.000000 
518.745562	518.745562	
0.000000	0.000000	
520.000000 
519.044822	519.044822	
0.000000	0.000000	
521.000000 
519.328011	519.328011	
0.000000	0.000000	
522.000000 
519.595912	519.595912	
0.000000	0.000000	
523.000000 
519.849278	519.849278	
0.000000	0.000000	
524.000000 
520.088832	520.088832	
0.000000	0.000000	
525.000000 
520.315268	520.315268	
0.000000	0.000000	
526.000000 
520.529253	520.529253	
0.000000	0.000000	
527.000000 
520.731425	520.731425	
0.000000	0.000000	
528.000000 
520.922395	520.922395	
0.000000	0.000000	
529.000000 
521.102748	521.102748	
0.000000	0.000000	
530.000000 
521.273043	521.273043	
0.000000	0.000000	
531.000000 
521.433812	521.433812	
0.000000	0.000000	
532.000000 
521.585566	521.585566	
0.000000	0.000000	
533.000000 
521.728789	521.728789	
0.000000	0.000000	
534.000000 
521.863944	521.863944	
0.000000	0.000000	
535.000000 
521.991471	521.991471	
0.000000	0.000000	
536.000000 
522.111789	522.111789	
0.000000	0.000000	
537.000000 
522.225296	522.225296	
0.000000	0.000000	
538.000000 
522.332371	522.332371	
0.000000	0.000000	
539.000000 
522.433373	522.433373	
0.000000	0.000000	
540.000000 
522.528643	522.528643	
0.000000	0.000000	
541.000000 
522.618504	522.618504	
0.000000	0.000000	
542.000000 
522.703262	522.703262	
0.000000	0.000000	
543.000000 
522.783209	522.783209	
0.000000	0.000000	
544.000000 
522.858619	522.858619	
0.000000	0.000000	
545.000000 
522.929752	522.929752	
0.000000	0.000000	
546.000000 
522.996854	522.996854	
0.000000	0.000000	
547.000000 
523.060159	523.060159	
0.000000	0.000000	
548.000000 
523.119885	523.119885	
0.000000	0.000000	
549.000000 
523.176241	523.176241	
0.000000	0.000000	
550.000000 
523.229423	523.229423	
0.000000	0.000000	
551.000000 
523.279617	523.279617	
0.000000	0.000000	
552.000000 
523.326996	523.326996	
0.000000	0.000000	
553.000000 
523.371725	523.371725	
0.000000	0.000000	
554.000000 
523.413961	523.413961	
0.000000	0.000000	
555.000000 
523.453850	523.453850	
0.000000	0.000000	
556.000000 
523.491529	523.491529	
0.000000	0.000000	
557.000000 
523.527128	523.527128	
0.000000	0.000000	
558.000000 
523.560771	523.560771	
0.000000	0.000000	
559.000000 
523.592573	523.592573	
0.000000	0.000000	
560.000000 
523.622641	523.622641	
0.000000	0.000000	
561.000000 
523.651079	523.651079	
0.000000	0.000000	
562.000000 
523.677983	523.677983	
0.000000	0.000000	
563.000000 
523.703442	523.703442	
0.000000	0.000000	
564.000000 
523.727543	523.727543	
0.000000	0.000000	
565.000000 
523.750364	523.750364	
0.000000	0.000000	
566.000000 
523.771982	523.771982	
0.000000	0.000000	
567.000000 
523.792468	523.792468	
0.000000	0.000000	
568.000000 
523.811887	523.811887	
0.000000	0.000000	
569.000000 
523.830303	523.830303	
0.000000	0.000000	
570.000000 
523.847774	523.847774	
0.000000	0.000000	
571.000000 
523.864355	523.864355	
0.000000	0.000000	
572.000000 
523.880099	523.880099	
0.000000	0.000000	
573.000000 
523.895054	523.895054	
0.000000	0.000000	
574.000000 
523.909266	523.909266	
0.000000	0.000000	
575.000000 
523.922779	523.922779	
0.000000	0.000000	
576.000000 
523.935633	523.935633	
0.000000	0.000000	
577.000000 
523.947865	523.947865	
0.000000	0.000000	
578.000000 
523.959513	523.959513	
0.000000	0.000000	
579.000000 
523.970609	523.970609	
0.000000	0.000000	
580.000000 
523.981185	523.981185	
0.000000	0.000000	
581.000000 
523.991271	523.991271	
0.000000	0.000000	
582.000000 
524.000895	524.000895	
0.000000	0.000000	
583.000000 
524.010083	524.010083	
0.000000	0.000000	
584.000000 
524.018861	524.018861	
0.000000	0.000000	
585.000000 
524.027250	524.027250	
0.000000	0.000000	
586.000000 
524.035274	524.035274	
0.000000	0.000000	
587.000000 
524.042953	524.042953	
0.000000	0.000000	
588.000000 
524.050305	524.050305	
0.000000	0.000000	
589.000000 
524.057350	524.057350	
0.000000	0.000000	
590.000000 
524.064104	524.064104	
0.000000	0.000000	
591.000000 
524.070585	524.070585	
0.000000	0.000000	
592.000000 
524.076806	524.076806	
0.000000	0.000000	
593.000000 
524.082782	524.082782	
0.000000	0.000000	
594.000000 
524.088527	524.088527	
0.000000	0.000000	
595.000000 
524.094053	524.094053	
0.000000	0.000000	
596.000000 
524.099373	524.099373	
0.000000	0.000000	
597.000000 
524.104498	524.104498	
0.000000	0.000000	
598.000000 
524.109438	524.109438	
0.000000	0.000000	
599.000000 
524.114204	524.114204	
0.000000	0.000000	
600.000000 
524.118805	524.118805	
0.000000	0.000000	
601.000000 
524.123249	524.123249	
0.000000	0.000000	
602.000000 
524.127547	524.127547	
0.000000	0.000000	
603.000000 
524.131704	524.131704	
0.000000	0.000000	
604.000000 
524.135730	524.135730	
0.000000	0.000000	
605.000000 
524.139631	524.139631	
0.000000	0.000000	
606.000000 
524.143415	524.143415	
0.000000	0.000000	
607.000000 
524.147086	524.147086	
0.000000	0.000000	
608.000000 
524.150653	524.150653	
0.000000	0.000000	
609.000000 
524.154119	524.154119	
0.000000	0.000000	
610.000000 
524.157492	524.157492	
0.000000	0.000000	
611.000000 
524.160775	524.160775	
0.000000	0.000000	
612.000000 
524.163975	524.163975	
0.000000	0.000000	
613.000000 
524.167095	524.167095	
0.000000	0.000000	
614.000000 
524.170140	524.170140	
0.000000	0.000000	
615.000000 
524.173114	524.173114	
0.000000	0.000000	
616.000000 
524.176022	524.176022	
0.000000	0.000000	
617.000000 
524.178868	524.178868	
0.000000	0.000000	
618.000000 
524.181654	524.181654	
0.000000	0.000000	
619.000000 
524.184385	524.184385	
0.000000	0.000000	
620.000000 
524.187063	524.187063	
0.000000	0.000000	
621.000000 
524.189693	524.189693	
0.000000	0.000000	
622.000000 
524.192276	524.192276	
0.000000	0.000000	
623.000000 
524.194817	524.194817	
0.000000	0.000000	
624.000000 
524.197318	524.197318	
0.000000	0.000000	
625.000000 
524.199782	524.199782	
0.000000	0.000000	
626.000000 
524.202211	524.202211	
0.000000	0.000000	
627.000000 
524.204608	524.204608	
0.000000	0.000000	
628.000000 
524.206975	524.206975	
0.000000	0.000000	
629.000000 
524.209315	524.209315	
0.000000	0.000000	
630.000000 
524.211630	524.211630	
0.000000	0.000000	
631.000000 
524.213923	524.213923	
0.000000	0.000000	
632.000000 
524.216195	524.216195	
0.000000	0.000000	
633.000000 
524.218449	524.218449	
0.000000	0.000000	
634.000000 
524.220687	524.220687	
0.000000	0.000000	
635.000000 
524.222910	524.222910	
0.000000	0.000000	
636.000000 
524.225121	524.225121	
0.000000	0.000000	
637.000000 
524.227323	524.227323	
0.000000	0.000000	
638.000000 
524.229515	524.229515	
0.000000	0.000000	
639.000000 
524.231702	524.231702	
0.000000	0.000000	
640.000000 
524.233884	524.233884	
0.000000	0.000000	
641.000000 
524.236064	524.236064	
0.000000	0.000000	
642.000000 
524.238242	524.238242	
0.000000	0.000000	
643.000000 
524.240423	524.240423	
0.000000	0.000000	
644.000000 
524.242606	524.242606	
0.000000	0.000000	
645.000000 
524.244794	524.244794	
0.000000	0.000000	
646.000000 
524.246989	524.246989	
0.000000	0.000000	
647.000000 
524.249192	524.249192	
0.000000	0.000000	
648.000000 
524.251406	524.251406	
0.000000	0.000000	
649.000000 
524.253633	524.253633	
0.000000	0.000000	
650.000000 
524.255874	524.255874	
0.000000	0.000000	
651.000000 
524.258131	524.258131	
0.000000	0.000000	
652.000000 
524.260407	524.260407	
0.000000	0.000000	
653.000000 
524.262703	524.262703	
0.000000	0.000000	
654.000000 
524.265022	524.265022	
0.000000	0.000000	
655.000000 
524.267365	524.267365	
0.000000	0.000000	
656.000000 
524.269735	524.269735	
0.000000	0.000000	
657.000000 
524.272134	524.272134	
0.000000	0.000000	
658.000000 
524.274565	524.274565	
0.000000	0.000000	
659.000000 
524.277028	524.277028	
0.000000	0.000000	
660.000000 
524.279528	524.279528	
0.000000	0.000000	
661.000000 
524.282067	524.282067	
0.000000	0.000000	
662.000000 
524.284646	524.284646	
0.000000	0.000000	
663.000000 
524.287269	524.287269	
0.000000	0.000000	
664.000000 
524.289939	524.289939	
0.000000	0.000000	
665.000000 
524.292658	524.292658	
0.000000	0.000000	
666.000000 
524.295429	524.295429	
0.000000	0.000000	
667.000000 
524.298256	524.298256	
0.000000	0.000000	
668.000000 
524.301141	524.301141	
0.000000	0.000000	
669.000000 
524.304088	524.304088	
0.000000	0.000000	
670.000000 
524.307100	524.307100	
0.000000	0.000000	
671.000000 
524.310181	524.310181	
0.000000	0.000000	
672.000000 
524.313334	524.313334	
0.000000	0.000000	
673.000000 
524.316564	524.316564	
0.000000	0.000000	
674.000000 
524.319875	524.319875	
0.000000	0.000000	
675.000000 
524.323270	524.323270	
0.000000	0.000000	
676.000000 
524.326754	524.326754	
0.000000	0.000000	
677.000000 
524.330332	524.330332	
0.000000	0.000000	
678.000000 
524.334009	524.334009	
0.000000	0.000000	
679.000000 
524.337789	524.337789	
0.000000	0.000000	
680.000000 
524.341678	524.341678	
0.000000	0.000000	
681.000000 
524.345681	524.345681	
0.000000	0.000000	
682.000000 
524.349805	524.349805	
0.000000	0.000000	
683.000000 
524.354055	524.354055	
0.000000	0.000000	
684.000000 
524.358437	524.358437	
0.000000	0.000000	
685.000000 
524.362959	524.362959	
0.000000	0.000000	
686.000000 
524.367626	524.367626	
0.000000	0.000000	
687.000000 
524.372447	524.372447	
0.000000	0.000000	
688.000000 
524.377429	524.377429	
0.000000	0.000000	
689.000000 
524.382580	524.382580	
0.000000	0.000000	
690.000000 
524.387908	524.387908	
0.000000	0.000000	
691.000000 
524.393421	524.393421	
0.000000	0.000000	
692.000000 
524.399130	524.399130	
0.000000	0.000000	
693.000000 
524.405044	524.405044	
0.000000	0.000000	
694.000000 
524.411172	524.411172	
0.000000	0.000000	
695.000000 
524.417525	524.417525	
0.000000	0.000000	
696.000000 
524.424114	524.424114	
0.000000	0.000000	
697.000000 
524.430951	524.430951	
0.000000	0.000000	
698.000000 
524.438048	524.438048	
0.000000	0.000000	
699.000000 
524.445416	524.445416	
0.000000	0.000000	
700.000000 
524.453071	524.453071	
0.000000	0.000000	
701.000000 
524.461024	524.461024	
0.000000	0.000000	
702.000000 
524.469292	524.469292	
0.000000	0.000000	
703.000000 
524.477888	524.477888	
0.000000	0.000000	
704.000000 
524.486829	524.486829	
0.000000	0.000000	
705.000000 
524.496131	524.496131	
0.000000	0.000000	
706.000000 
524.505811	524.505811	
0.000000	0.000000	
707.000000 
524.515888	524.515888	
0.000000	0.000000	
708.000000 
524.526381	524.526381	
0.000000	0.000000	
709.000000 
524.537308	524.537308	
0.000000	0.000000	
710.000000 
524.548690	524.548690	
0.000000	0.000000	
711.000000 
524.560550	524.560550	
0.000000	0.000000	
712.000000 
524.572909	524.572909	
0.000000	0.000000	
713.000000 
524.585790	524.585790	
0.000000	0.000000	
714.000000 
524.599218	524.599218	
0.000000	0.000000	
715.000000 
524.613218	524.613218	
0.000000	0.000000	
716.000000 
524.627816	524.627816	
0.000000	0.000000	
717.000000 
524.643039	524.643039	
0.000000	0.000000	
718.000000 
524.658917	524.658917	
0.000000	0.000000	
719.000000 
524.675478	524.675478	
0.000000	0.000000	
720.000000 
524.692754	524.692754	
0.000000	0.000000	
721.000000 
524.710775	524.710775	
0.000000	0.000000	
722.000000 
524.729576	524.729576	
0.000000	0.000000	
723.000000 
524.749190	524.749190	
0.000000	0.000000	
724.000000 
524.769652	524.769652	
0.000000	0.000000	
725.000000 
524.791000	524.791000	
0.000000	0.000000	
726.000000 
524.813271	524.813271	
0.000000	0.000000	
727.000000 
524.836504	524.836504	
0.000000	0.000000	
728.000000 
524.860740	524.860740	
0.000000	0.000000	
729.000000 
524.886021	524.886021	
0.000000	0.000000	
730.000000 
524.912389	524.912389	
0.000000	0.000000	
731.000000 
524.939888	524.939888	
0.000000	0.000000	
732.000000 
524.968565	524.968565	
0.000000	0.000000	
733.000000 
524.998466	524.998466	
0.000000	0.000000	
734.000000 
525.029639	525.029639	
0.000000	0.000000	
735.000000 
525.062132	525.062132	
0.000000	0.000000	
736.000000 
525.095997	525.095997	
0.000000	0.000000	
737.000000 
525.131285	525.131285	
0.000000	0.000000	
738.000000 
525.168048	525.168048	
0.000000	0.000000	
739.000000 
525.206340	525.206340	
0.000000	0.000000	
740.000000 
525.246216	525.246216	
0.000000	0.000000	
741.000000 
525.287731	525.287731	
0.000000	0.000000	
742.000000 
525.330942	525.330942	
0.000000	0.000000	
743.000000 
525.375905	525.375905	
0.000000	0.000000	
744.000000 
525.422679	525.422679	
0.000000	0.000000	
745.000000 
525.471322	525.471322	
0.000000	0.000000	
746.000000 
525.521892	525.521892	
0.000000	0.000000	
747.000000 
525.574450	525.574450	
0.000000	0.000000	
748.000000 
525.629055	525.629055	
0.000000	0.000000	
749.000000 
525.685767	525.685767	
0.000000	0.000000	
750.000000 
525.744645	525.744645	
0.000000	0.000000	
751.000000 
525.805749	525.805749	
0.000000	0.000000	
752.000000 
525.869137	525.869137	
0.000000	0.000000	
753.000000 
525.934870	525.934870	
0.000000	0.000000	
754.000000 
526.003004	526.003004	
0.000000	0.000000	
755.000000 
526.073596	526.073596	
0.000000	0.000000	
756.000000 
526.146704	526.146704	
0.000000	0.000000	
757.000000 
526.222382	526.222382	
0.000000	0.000000	
758.000000 
526.300682	526.300682	
0.000000	0.000000	
759.000000 
526.381658	526.381658	
0.000000	0.000000	
760.000000 
526.465357	526.465357	
0.000000	0.000000	
761.000000 
526.551829	526.551829	
0.000000	0.000000	
762.000000 
526.641119	526.641119	
0.000000	0.000000	
763.000000 
526.733268	526.733268	
0.000000	0.000000	
764.000000 
526.828317	526.828317	
0.000000	0.000000	
765.000000 
526.926302	526.926302	
0.000000	0.000000	
766.000000 
527.027257	527.027257	
0.000000	0.000000	
767.000000 
527.131211	527.131211	
0.000000	0.000000	
768.000000 
527.238191	527.238191	
0.000000	0.000000	
769.000000 
527.348218	527.348218	
0.000000	0.000000	
770.000000 
527.461308	527.461308	
0.000000	0.000000	
771.000000 
527.577477	527.577477	
0.000000	0.000000	
772.000000 
527.696730	527.696730	
0.000000	0.000000	
773.000000 
527.819073	527.819073	
0.000000	0.000000	
774.000000 
527.944502	527.944502	
0.000000	0.000000	
775.000000 
528.073010	528.073010	
0.000000	0.000000	
776.000000 
528.204583	528.204583	
0.000000	0.000000	
777.000000 
528.339204	528.339204	
0.000000	0.000000	
778.000000 
528.476848	528.476848	
0.000000	0.000000	
779.000000 
528.617483	528.617483	
0.000000	0.000000	
780.000000 
528.761073	528.761073	
0.000000	0.000000	
781.000000 
528.907574	528.907574	
0.000000	0.000000	
782.000000 
529.056938	529.056938	
0.000000	0.000000	
783.000000 
529.209107	529.209107	
0.000000	0.000000	
784.000000 
529.364020	529.364020	
0.000000	0.000000	
785.000000 
529.521608	529.521608	
0.000000	0.000000	
786.000000 
529.681795	529.681795	
0.000000	0.000000	
787.000000 
529.844501	529.844501	
0.000000	0.000000	
788.000000 
530.009636	530.009636	
0.000000	0.000000	
789.000000 
530.177107	530.177107	
0.000000	0.000000	
790.000000 
530.346814	530.346814	
0.000000	0.000000	
791.000000 
530.518651	530.518651	
0.000000	0.000000	
792.000000 
530.692505	530.692505	
0.000000	0.000000	
793.000000 
530.868259	530.868259	
0.000000	0.000000	
794.000000 
531.045790	531.045790	
0.000000	0.000000	
795.000000 
531.224970	531.224970	
0.000000	0.000000	
796.000000 
531.405668	531.405668	
0.000000	0.000000	
797.000000 
531.587744	531.587744	
0.000000	0.000000	
798.000000 
531.771059	531.771059	
0.000000	0.000000	
799.000000 
531.955467	531.955467	
0.000000	0.000000	
800.000000 
532.140820	532.140820	
0.000000	0.000000	
801.000000 
532.326965	532.326965	
0.000000	0.000000	
802.000000 
532.513750	532.513750	
0.000000	0.000000	
803.000000 
532.701017	532.701017	
0.000000	0.000000	
804.000000 
532.888608	532.888608	
0.000000	0.000000	
805.000000 
533.076363	533.076363	
0.000000	0.000000	
806.000000 
533.264123	533.264123	
0.000000	0.000000	
807.000000 
533.451726	533.451726	
0.000000	0.000000	
808.000000 
533.639012	533.639012	
0.000000	0.000000	
809.000000 
533.825819	533.825819	
0.000000	0.000000	
810.000000 
534.011990	534.011990	
0.000000	0.000000	
811.000000 
534.197365	534.197365	
0.000000	0.000000	
812.000000 
534.381790	534.381790	
0.000000	0.000000	
813.000000 
534.565109	534.565109	
0.000000	0.000000	
814.000000 
534.747172	534.747172	
0.000000	0.000000	
815.000000 
534.927832	534.927832	
0.000000	0.000000	
816.000000 
535.106943	535.106943	
0.000000	0.000000	
817.000000 
535.284366	535.284366	
0.000000	0.000000	
818.000000 
535.459964	535.459964	
0.000000	0.000000	
819.000000 
535.633607	535.633607	
0.000000	0.000000	
820.000000 
535.805167	535.805167	
0.000000	0.000000	
821.000000 
535.974524	535.974524	
0.000000	0.000000	
822.000000 
536.141563	536.141563	
0.000000	0.000000	
823.000000 
536.306173	536.306173	
0.000000	0.000000	
824.000000 
536.468251	536.468251	
0.000000	0.000000	
825.000000 
536.627701	536.627701	
0.000000	0.000000	
826.000000 
536.784431	536.784431	
0.000000	0.000000	
827.000000 
536.938356	536.938356	
0.000000	0.000000	
828.000000 
537.089400	537.089400	
0.000000	0.000000	
829.000000 
537.237491	537.237491	
0.000000	0.000000	
830.000000 
537.382566	537.382566	
0.000000	0.000000	
831.000000 
537.524567	537.524567	
0.000000	0.000000	
832.000000 
537.663443	537.663443	
0.000000	0.000000	
833.000000 
537.799152	537.799152	
0.000000	0.000000	
834.000000 
537.931657	537.931657	
0.000000	0.000000	
835.000000 
538.060926	538.060926	
0.000000	0.000000	
836.000000 
538.186938	538.186938	
0.000000	0.000000	
837.000000 
538.309675	538.309675	
0.000000	0.000000	
838.000000 
538.429126	538.429126	
0.000000	0.000000	
839.000000 
538.545287	538.545287	
0.000000	0.000000	
840.000000 
538.658159	538.658159	
0.000000	0.000000	
841.000000 
538.767748	538.767748	
0.000000	0.000000	
842.000000 
538.874069	538.874069	
0.000000	0.000000	
843.000000 
538.977137	538.977137	
0.000000	0.000000	
844.000000 
539.076978	539.076978	
0.000000	0.000000	
845.000000 
539.173618	539.173618	
0.000000	0.000000	
846.000000 
539.267090	539.267090	
0.000000	0.000000	
847.000000 
539.357431	539.357431	
0.000000	0.000000	
848.000000 
539.444681	539.444681	
0.000000	0.000000	
849.000000 
539.528884	539.528884	
0.000000	0.000000	
850.000000 
539.610089	539.610089	
0.000000	0.000000	
851.000000 
539.688347	539.688347	
0.000000	0.000000	
852.000000 
539.763711	539.763711	
0.000000	0.000000	
853.000000 
539.836238	539.836238	
0.000000	0.000000	
854.000000 
539.905987	539.905987	
0.000000	0.000000	
855.000000 
539.973020	539.973020	
0.000000	0.000000	
856.000000 
540.037399	540.037399	
0.000000	0.000000	
857.000000 
540.099188	540.099188	
0.000000	0.000000	
858.000000 
540.158453	540.158453	
0.000000	0.000000	
859.000000 
540.215261	540.215261	
0.000000	0.000000	
860.000000 
540.269680	540.269680	
0.000000	0.000000	
861.000000 
540.321777	540.321777	
0.000000	0.000000	
862.000000 
540.371623	540.371623	
0.000000	0.000000	
863.000000 
540.419285	540.419285	
0.000000	0.000000	
864.000000 
540.464832	540.464832	
0.000000	0.000000	
865.000000 
540.508334	540.508334	
0.000000	0.000000	
866.000000 
540.549858	540.549858	
0.000000	0.000000	
867.000000 
540.589473	540.589473	
0.000000	0.000000	
868.000000 
540.627247	540.627247	
0.000000	0.000000	
869.000000 
540.663244	540.663244	
0.000000	0.000000	
870.000000 
540.697532	540.697532	
0.000000	0.000000	
871.000000 
540.730175	540.730175	
0.000000	0.000000	
872.000000 
540.761237	540.761237	
0.000000	0.000000	
873.000000 
540.790779	540.790779	
0.000000	0.000000	
874.000000 
540.818864	540.818864	
0.000000	0.000000	
875.000000 
540.845550	540.845550	
0.000000	0.000000	
876.000000 
540.870896	540.870896	
0.000000	0.000000	
877.000000 
540.894960	540.894960	
0.000000	0.000000	
878.000000 
540.917795	540.917795	
0.000000	0.000000	
879.000000 
540.939457	540.939457	
0.000000	0.000000	
880.000000 
540.959998	540.959998	
0.000000	0.000000	
881.000000 
540.979467	540.979467	
0.000000	0.000000	
882.000000 
540.997915	540.997915	
0.000000	0.000000	
883.000000 
541.015389	541.015389	
0.000000	0.000000	
884.000000 
541.031934	541.031934	
0.000000	0.000000	
885.000000 
541.047595	541.047595	
0.000000	0.000000	
886.000000 
541.062414	541.062414	
0.000000	0.000000	
887.000000 
541.076433	541.076433	
0.000000	0.000000	
888.000000 
541.089691	541.089691	
0.000000	0.000000	
889.000000 
541.102226	541.102226	
0.000000	0.000000	
890.000000 
541.114074	541.114074	
0.000000	0.000000	
891.000000 
541.125270	541.125270	
0.000000	0.000000	
892.000000 
541.135848	541.135848	
0.000000	0.000000	
893.000000 
541.145840	541.145840	
0.000000	0.000000	
894.000000 
541.155276	541.155276	
0.000000	0.000000	
895.000000 
541.164185	541.164185	
0.000000	0.000000	
896.000000 
541.172596	541.172596	
0.000000	0.000000	
897.000000 
541.180536	541.180536	
0.000000	0.000000	
898.000000 
541.188029	541.188029	
0.000000	0.000000	
899.000000 
541.195100	541.195100	
0.000000	0.000000	
900.000000 
541.201771	541.201771	
0.000000	0.000000	
901.000000 
541.208066	541.208066	
0.000000	0.000000	
902.000000 
541.214004	541.214004	
0.000000	0.000000	
903.000000 
541.219606	541.219606	
0.000000	0.000000	
904.000000 
541.224889	541.224889	
0.000000	0.000000	
905.000000 
541.229873	541.229873	
0.000000	0.000000	
906.000000 
541.234574	541.234574	
0.000000	0.000000	
907.000000 
541.239009	541.239009	
0.000000	0.000000	
908.000000 
541.243191	541.243191	
0.000000	0.000000	
909.000000 
541.247136	541.247136	
0.000000	0.000000	
910.000000 
541.250857	541.250857	
0.000000	0.000000	
911.000000 
541.254367	541.254367	
0.000000	0.000000	
912.000000 
541.257679	541.257679	
0.000000	0.000000	
913.000000 
541.260803	541.260803	
0.000000	0.000000	
914.000000 
541.263751	541.263751	
0.000000	0.000000	
915.000000 
541.266533	541.266533	
0.000000	0.000000	
916.000000 
541.269159	541.269159	
0.000000	0.000000	
917.000000 
541.271637	541.271637	
0.000000	0.000000	
918.000000 
541.273977	541.273977	
0.000000	0.000000	
919.000000 
541.276186	541.276186	
0.000000	0.000000	
920.000000 
541.278272	541.278272	
0.000000	0.000000	
921.000000 
541.280243	541.280243	
0.000000	0.000000	
922.000000 
541.282105	541.282105	
0.000000	0.000000	
923.000000 
541.283865	541.283865	
0.000000	0.000000	
924.000000 
541.285528	541.285528	
0.000000	0.000000	
925.000000 
541.287101	541.287101	
0.000000	0.000000	
926.000000 
541.288588	541.288588	
0.000000	0.000000	
927.000000 
541.289995	541.289995	
0.000000	0.000000	
928.000000 
541.291326	541.291326	
0.000000	0.000000	
929.000000 
541.292586	541.292586	
0.000000	0.000000	
930.000000 
541.293779	541.293779	
0.000000	0.000000	
931.000000 
541.294910	541.294910	
0.000000	0.000000	
932.000000 
541.295981	541.295981	
0.000000	0.000000	
933.000000 
541.296996	541.296996	
0.000000	0.000000	
934.000000 
541.297959	541.297959	
0.000000	0.000000	
935.000000 
541.298872	541.298872	
0.000000	0.000000	
936.000000 
541.299738	541.299738	
0.000000	0.000000	
937.000000 
541.300561	541.300561	
0.000000	0.000000	
938.000000 
541.301343	541.301343	
0.000000	0.000000	
939.000000 
541.302085	541.302085	
0.000000	0.000000	
940.000000 
541.302791	541.302791	
0.000000	0.000000	
941.000000 
541.303463	541.303463	
0.000000	0.000000	
942.000000 
541.304102	541.304102	
0.000000	0.000000	
943.000000 
541.304710	541.304710	
0.000000	0.000000	
944.000000 
541.305290	541.305290	
0.000000	0.000000	
945.000000 
541.305842	541.305842	
0.000000	0.000000	
946.000000 
541.306369	541.306369	
0.000000	0.000000	
947.000000 
541.306871	541.306871	
0.000000	0.000000	
948.000000 
541.307351	541.307351	
0.000000	0.000000	
949.000000 
541.307809	541.307809	
0.000000	0.000000	
