1
0.000000 
0.000000	0.000000	
0.000000	0.000000	
1.000000 
0.138769	0.000000	
0.000000	0.000000	
2.000000 
0.149387	0.000000	
0.000000	0.000000	
3.000000 
0.160765	0.000000	
0.000000	0.000000	
4.000000 
0.172950	0.000000	
0.000000	0.000000	
5.000000 
0.185992	0.000000	
0.000000	0.000000	
6.000000 
0.199941	0.000000	
0.000000	0.000000	
7.000000 
0.214848	0.000000	
0.000000	0.000000	
8.000000 
0.230770	0.000000	
0.000000	0.000000	
9.000000 
0.247760	0.000000	
0.000000	0.000000	
10.000000 
0.265877	0.000000	
0.000000	0.000000	
11.000000 
0.285180	0.000000	
0.000000	0.000000	
12.000000 
0.305728	0.000000	
0.000000	0.000000	
13.000000 
0.327583	0.000000	
0.000000	0.000000	
14.000000 
0.350807	0.000000	
0.000000	0.000000	
15.000000 
0.375463	0.000000	
0.000000	0.000000	
16.000000 
0.401614	0.000000	
0.000000	0.000000	
17.000000 
0.429322	0.000000	
0.000000	0.000000	
18.000000 
0.458651	0.000000	
0.000000	0.000000	
19.000000 
0.489662	0.000000	
0.000000	0.000000	
20.000000 
0.522416	0.000000	
0.000000	0.000000	
21.000000 
0.556972	0.000000	
0.000000	0.000000	
22.000000 
0.593387	0.000000	
0.000000	0.000000	
23.000000 
0.631716	0.000000	
0.000000	0.000000	
24.000000 
0.672008	0.000000	
0.000000	0.000000	
25.000000 
0.714312	0.000000	
0.000000	0.000000	
26.000000 
0.758670	0.000000	
0.000000	0.000000	
27.000000 
0.805120	0.000000	
0.000000	0.000000	
28.000000 
0.853693	0.000000	
0.000000	0.000000	
29.000000 
0.904414	0.000000	
0.000000	0.000000	
30.000000 
0.957301	0.000000	
0.000000	0.000000	
31.000000 
1.012363	0.000000	
0.000000	0.000000	
32.000000 
1.069601	0.000000	
0.000000	0.000000	
33.000000 
1.129006	0.000000	
0.000000	0.000000	
34.000000 
1.190560	0.000000	
0.000000	0.000000	
35.000000 
1.254232	0.000000	
0.000000	0.000000	
36.000000 
1.319981	0.000000	
0.000000	0.000000	
37.000000 
1.387752	0.000000	
0.000000	0.000000	
38.000000 
1.457478	0.000000	
0.000000	0.000000	
39.000000 
1.529079	0.000000	
0.000000	0.000000	
40.000000 
1.602460	0.000000	
0.000000	0.000000	
41.000000 
1.677513	0.000000	
0.000000	0.000000	
42.000000 
1.754114	0.000000	
0.000000	0.000000	
43.000000 
1.832124	0.000000	
0.000000	0.000000	
44.000000 
1.911393	0.000000	
0.000000	0.000000	
45.000000 
1.991750	0.000000	
0.000000	0.000000	
46.000000 
2.073014	0.000000	
0.000000	0.000000	
47.000000 
2.154989	0.000000	
0.000000	0.000000	
48.000000 
2.237464	0.000000	
0.000000	0.000000	
49.000000 
2.320214	0.000000	
0.000000	0.000000	
50.000000 
2.403005	0.000000	
0.000000	0.000000	
51.000000 
2.485589	0.000000	
0.000000	0.000000	
52.000000 
2.567708	0.000000	
0.000000	0.000000	
53.000000 
2.649095	0.000000	
0.000000	0.000000	
54.000000 
2.729475	0.000000	
0.000000	0.000000	
55.000000 
2.808568	0.000000	
0.000000	0.000000	
56.000000 
2.886087	0.000000	
0.000000	0.000000	
57.000000 
2.961744	0.000000	
0.000000	0.000000	
58.000000 
3.035251	0.000000	
0.000000	0.000000	
59.000000 
3.106317	0.000000	
0.000000	0.000000	
60.000000 
3.174658	0.000000	
0.000000	0.000000	
61.000000 
3.239993	0.000000	
0.000000	0.000000	
62.000000 
3.302048	0.000000	
0.000000	0.000000	
63.000000 
3.360557	0.000000	
0.000000	0.000000	
64.000000 
3.415268	0.000000	
0.000000	0.000000	
65.000000 
3.465939	0.000000	
0.000000	0.000000	
66.000000 
3.512343	0.000000	
0.000000	0.000000	
67.000000 
3.554272	0.000000	
0.000000	0.000000	
68.000000 
3.591533	0.000000	
0.000000	0.000000	
69.000000 
3.623956	0.000000	
0.000000	0.000000	
70.000000 
3.651389	0.000000	
0.000000	0.000000	
71.000000 
3.673704	0.000000	
0.000000	0.000000	
72.000000 
3.690796	0.000000	
0.000000	0.000000	
73.000000 
3.702585	0.000000	
0.000000	0.000000	
74.000000 
3.709014	0.000000	
0.000000	0.000000	
75.000000 
3.710051	0.000000	
0.000000	0.000000	
76.000000 
3.705692	0.000000	
0.000000	0.000000	
77.000000 
3.695955	0.000000	
0.000000	0.000000	
78.000000 
3.680884	0.000000	
0.000000	0.000000	
79.000000 
3.660548	0.000000	
0.000000	0.000000	
80.000000 
3.635040	0.000000	
0.000000	0.000000	
81.000000 
3.604474	0.000000	
0.000000	0.000000	
82.000000 
3.568989	0.000000	
0.000000	0.000000	
83.000000 
3.528741	0.000000	
0.000000	0.000000	
84.000000 
3.483908	0.000000	
0.000000	0.000000	
85.000000 
3.434686	0.000000	
0.000000	0.000000	
86.000000 
3.381286	0.000000	
0.000000	0.000000	
87.000000 
3.323935	0.000000	
0.000000	0.000000	
88.000000 
3.262872	0.000000	
0.000000	0.000000	
89.000000 
3.198347	0.000000	
0.000000	0.000000	
90.000000 
3.130622	0.000000	
0.000000	0.000000	
91.000000 
3.059962	0.000000	
0.000000	0.000000	
92.000000 
2.986643	0.000000	
0.000000	0.000000	
93.000000 
2.910941	0.000000	
0.000000	0.000000	
94.000000 
2.833137	0.000000	
0.000000	0.000000	
95.000000 
2.753511	0.000000	
0.000000	0.000000	
96.000000 
2.672343	0.000000	
0.000000	0.000000	
97.000000 
2.589909	0.000000	
0.000000	0.000000	
98.000000 
2.506481	0.000000	
0.000000	0.000000	
99.000000 
2.422328	0.000000	
0.000000	0.000000	
100.000000 
2.337710	0.000000	
0.000000	0.000000	
101.000000 
2.252878	0.000000	
0.000000	0.000000	
102.000000 
2.168078	0.000000	
0.000000	0.000000	
103.000000 
2.083541	0.000000	
0.000000	0.000000	
104.000000 
1.999492	0.000000	
0.000000	0.000000	
105.000000 
1.916140	0.000000	
0.000000	0.000000	
106.000000 
1.833685	0.000000	
0.000000	0.000000	
107.000000 
1.752313	0.000000	
0.000000	0.000000	
108.000000 
1.672198	0.000000	
0.000000	0.000000	
109.000000 
1.593499	0.000000	
0.000000	0.000000	
110.000000 
1.516363	0.000000	
0.000000	0.000000	
111.000000 
1.440923	0.000000	
0.000000	0.000000	
112.000000 
1.367297	0.000000	
0.000000	0.000000	
113.000000 
1.295591	0.000000	
0.000000	0.000000	
114.000000 
1.225898	0.000000	
0.000000	0.000000	
115.000000 
1.158297	0.000000	
0.000000	0.000000	
116.000000 
1.092855	0.000000	
0.000000	0.000000	
117.000000 
1.029626	0.000000	
0.000000	0.000000	
118.000000 
0.968652	0.000000	
0.000000	0.000000	
119.000000 
0.909964	0.000000	
0.000000	0.000000	
120.000000 
0.853582	0.000000	
0.000000	0.000000	
121.000000 
0.799517	0.000000	
0.000000	0.000000	
122.000000 
0.747767	0.000000	
0.000000	0.000000	
123.000000 
0.698325	0.000000	
0.000000	0.000000	
124.000000 
0.651172	0.000000	
0.000000	0.000000	
125.000000 
0.606283	0.000000	
0.000000	0.000000	
126.000000 
0.563626	0.000000	
0.000000	0.000000	
127.000000 
0.523162	0.000000	
0.000000	0.000000	
128.000000 
0.484846	0.000000	
0.000000	0.000000	
129.000000 
0.448629	0.000000	
0.000000	0.000000	
130.000000 
0.414454	0.000000	
0.000000	0.000000	
131.000000 
0.382265	0.000000	
0.000000	0.000000	
132.000000 
0.351998	0.000000	
0.000000	0.000000	
133.000000 
0.323590	0.000000	
0.000000	0.000000	
134.000000 
0.296973	0.000000	
0.000000	0.000000	
135.000000 
0.272078	0.000000	
0.000000	0.000000	
136.000000 
0.248835	0.000000	
0.000000	0.000000	
137.000000 
0.227173	0.000000	
0.000000	0.000000	
138.000000 
0.207021	0.000000	
0.000000	0.000000	
139.000000 
0.188308	0.000000	
0.000000	0.000000	
140.000000 
0.170963	0.000000	
0.000000	0.000000	
141.000000 
0.154914	0.000000	
0.000000	0.000000	
142.000000 
0.140094	0.000000	
0.000000	0.000000	
143.000000 
0.126433	0.000000	
0.000000	0.000000	
144.000000 
0.113866	0.000000	
0.000000	0.000000	
145.000000 
0.102327	0.000000	
0.000000	0.000000	
146.000000 
0.091752	0.000000	
0.000000	0.000000	
147.000000 
0.082082	0.000000	
0.000000	0.000000	
148.000000 
0.073257	0.000000	
0.000000	0.000000	
149.000000 
0.065221	0.000000	
0.000000	0.000000	
150.000000 
0.057918	0.000000	
0.000000	0.000000	
151.000000 
0.051297	0.000000	
0.000000	0.000000	
152.000000 
0.045309	0.000000	
0.000000	0.000000	
153.000000 
0.039905	0.000000	
0.000000	0.000000	
154.000000 
0.035041	0.000000	
0.000000	0.000000	
155.000000 
0.030675	0.000000	
0.000000	0.000000	
156.000000 
0.026766	0.000000	
0.000000	0.000000	
157.000000 
0.023276	0.000000	
0.000000	0.000000	
158.000000 
0.020171	0.000000	
0.000000	0.000000	
159.000000 
0.017417	0.000000	
0.000000	0.000000	
160.000000 
0.014982	0.000000	
0.000000	0.000000	
161.000000 
0.012838	0.000000	
0.000000	0.000000	
162.000000 
0.010957	0.000000	
0.000000	0.000000	
163.000000 
0.009315	0.000000	
0.000000	0.000000	
164.000000 
0.007888	0.000000	
0.000000	0.000000	
165.000000 
0.006655	0.000000	
0.000000	0.000000	
166.000000 
0.005596	0.000000	
0.000000	0.000000	
167.000000 
0.004692	0.000000	
0.000000	0.000000	
168.000000 
0.003927	0.000000	
0.000000	0.000000	
169.000000 
0.003286	0.000000	
0.000000	0.000000	
170.000000 
0.002754	0.000000	
0.000000	0.000000	
171.000000 
0.002318	0.000000	
0.000000	0.000000	
172.000000 
0.001967	0.000000	
0.000000	0.000000	
173.000000 
0.001691	0.000000	
0.000000	0.000000	
174.000000 
0.001479	0.000000	
0.000000	0.000000	
175.000000 
0.001324	0.000000	
0.000000	0.000000	
176.000000 
0.001217	0.000000	
0.000000	0.000000	
177.000000 
0.001151	0.000000	
0.000000	0.000000	
178.000000 
0.001121	0.000000	
0.000000	0.000000	
179.000000 
0.001120	0.000000	
0.000000	0.000000	
180.000000 
0.001144	0.000000	
0.000000	0.000000	
181.000000 
0.001188	0.000000	
0.000000	0.000000	
182.000000 
0.001248	0.000000	
0.000000	0.000000	
183.000000 
0.001322	0.000000	
0.000000	0.000000	
184.000000 
0.001406	0.000000	
0.000000	0.000000	
185.000000 
0.001497	0.000000	
0.000000	0.000000	
186.000000 
0.001593	0.000000	
0.000000	0.000000	
187.000000 
0.001693	0.000000	
0.000000	0.000000	
188.000000 
0.001795	0.000000	
0.000000	0.000000	
189.000000 
0.001896	0.000000	
0.000000	0.000000	
190.000000 
0.001997	0.000000	
0.000000	0.000000	
191.000000 
0.002096	0.000000	
0.000000	0.000000	
192.000000 
0.002192	0.000000	
0.000000	0.000000	
193.000000 
0.002285	0.000000	
0.000000	0.000000	
194.000000 
0.002374	0.000000	
0.000000	0.000000	
195.000000 
0.002458	0.000000	
0.000000	0.000000	
196.000000 
0.002538	0.000000	
0.000000	0.000000	
197.000000 
0.002614	0.000000	
0.000000	0.000000	
198.000000 
0.002684	0.000000	
0.000000	0.000000	
199.000000 
0.002750	0.000000	
0.000000	0.000000	
200.000000 
0.002811	0.000000	
0.000000	0.000000	
201.000000 
0.002867	0.000000	
0.000000	0.000000	
202.000000 
0.002918	0.000000	
0.000000	0.000000	
203.000000 
0.002965	0.000000	
0.000000	0.000000	
204.000000 
0.003007	0.000000	
0.000000	0.000000	
205.000000 
0.003045	0.000000	
0.000000	0.000000	
206.000000 
0.003079	0.000000	
0.000000	0.000000	
207.000000 
0.003109	0.000000	
0.000000	0.000000	
208.000000 
0.003136	0.000000	
0.000000	0.000000	
209.000000 
0.003159	0.000000	
0.000000	0.000000	
210.000000 
0.003179	0.000000	
0.000000	0.000000	
211.000000 
0.003195	0.000000	
0.000000	0.000000	
212.000000 
0.003209	0.000000	
0.000000	0.000000	
213.000000 
0.003221	0.000000	
0.000000	0.000000	
214.000000 
0.003230	0.000000	
0.000000	0.000000	
215.000000 
0.003237	0.000000	
0.000000	0.000000	
216.000000 
0.003242	0.000000	
0.000000	0.000000	
217.000000 
0.003245	0.000000	
0.000000	0.000000	
218.000000 
0.003247	0.000000	
0.000000	0.000000	
219.000000 
0.003248	0.000000	
0.000000	0.000000	
220.000000 
0.003247	0.000000	
0.000000	0.000000	
221.000000 
0.003246	0.000000	
0.000000	0.000000	
222.000000 
0.003243	0.000000	
0.000000	0.000000	
223.000000 
0.003240	0.000000	
0.000000	0.000000	
224.000000 
0.003237	0.000000	
0.000000	0.000000	
225.000000 
0.003233	0.000000	
0.000000	0.000000	
226.000000 
0.003229	0.000000	
0.000000	0.000000	
227.000000 
0.003225	0.000000	
0.000000	0.000000	
228.000000 
0.003220	0.000000	
0.000000	0.000000	
229.000000 
0.003216	0.000000	
0.000000	0.000000	
230.000000 
0.003213	0.000000	
0.000000	0.000000	
231.000000 
0.003209	0.000000	
0.000000	0.000000	
232.000000 
0.003206	0.000000	
0.000000	0.000000	
233.000000 
0.003204	0.000000	
0.000000	0.000000	
234.000000 
0.003202	0.000000	
0.000000	0.000000	
235.000000 
0.003201	0.000000	
0.000000	0.000000	
236.000000 
0.003201	0.000000	
0.000000	0.000000	
237.000000 
0.003202	0.000000	
0.000000	0.000000	
238.000000 
0.003204	0.000000	
0.000000	0.000000	
239.000000 
0.003207	0.000000	
0.000000	0.000000	
240.000000 
0.003211	0.000000	
0.000000	0.000000	
241.000000 
0.003216	0.000000	
0.000000	0.000000	
242.000000 
0.003223	0.000000	
0.000000	0.000000	
243.000000 
0.003231	0.000000	
0.000000	0.000000	
244.000000 
0.003240	0.000000	
0.000000	0.000000	
245.000000 
0.003251	0.000000	
0.000000	0.000000	
246.000000 
0.003264	0.000000	
0.000000	0.000000	
247.000000 
0.003278	0.000000	
0.000000	0.000000	
248.000000 
0.003294	0.000000	
0.000000	0.000000	
249.000000 
0.003312	0.000000	
0.000000	0.000000	
250.000000 
0.003332	0.000000	
0.000000	0.000000	
251.000000 
0.003354	0.000000	
0.000000	0.000000	
252.000000 
0.003378	0.000000	
0.000000	0.000000	
253.000000 
0.003404	0.000000	
0.000000	0.000000	
254.000000 
0.003432	0.000000	
0.000000	0.000000	
255.000000 
0.003463	0.000000	
0.000000	0.000000	
256.000000 
0.003496	0.000000	
0.000000	0.000000	
257.000000 
0.003532	0.000000	
0.000000	0.000000	
258.000000 
0.003570	0.000000	
0.000000	0.000000	
259.000000 
0.003611	0.000000	
0.000000	0.000000	
260.000000 
0.003656	0.000000	
0.000000	0.000000	
261.000000 
0.003703	0.000000	
0.000000	0.000000	
262.000000 
0.003753	0.000000	
0.000000	0.000000	
263.000000 
0.003807	0.000000	
0.000000	0.000000	
264.000000 
0.003864	0.000000	
0.000000	0.000000	
265.000000 
0.003925	0.000000	
0.000000	0.000000	
266.000000 
0.003989	0.000000	
0.000000	0.000000	
267.000000 
0.004058	0.000000	
0.000000	0.000000	
268.000000 
0.004131	0.000000	
0.000000	0.000000	
269.000000 
0.004208	0.000000	
0.000000	0.000000	
270.000000 
0.004289	0.000000	
0.000000	0.000000	
271.000000 
0.004376	0.000000	
0.000000	0.000000	
272.000000 
0.004467	0.000000	
0.000000	0.000000	
273.000000 
0.004564	0.000000	
0.000000	0.000000	
274.000000 
0.004667	0.000000	
0.000000	0.000000	
275.000000 
0.004775	0.000000	
0.000000	0.000000	
276.000000 
0.004889	0.000000	
0.000000	0.000000	
277.000000 
0.005010	0.000000	
0.000000	0.000000	
278.000000 
0.005138	0.000000	
0.000000	0.000000	
279.000000 
0.005273	0.000000	
0.000000	0.000000	
280.000000 
0.005416	0.000000	
0.000000	0.000000	
281.000000 
0.005567	0.000000	
0.000000	0.000000	
282.000000 
0.005726	0.000000	
0.000000	0.000000	
283.000000 
0.005894	0.000000	
0.000000	0.000000	
284.000000 
0.006072	0.000000	
0.000000	0.000000	
285.000000 
0.006259	0.000000	
0.000000	0.000000	
286.000000 
0.006458	0.000000	
0.000000	0.000000	
287.000000 
0.006667	0.000000	
0.000000	0.000000	
288.000000 
0.006889	0.000000	
0.000000	0.000000	
289.000000 
0.007123	0.000000	
0.000000	0.000000	
290.000000 
0.007370	0.000000	
0.000000	0.000000	
291.000000 
0.007631	0.000000	
0.000000	0.000000	
292.000000 
0.007908	0.000000	
0.000000	0.000000	
293.000000 
0.008200	0.000000	
0.000000	0.000000	
294.000000 
0.008510	0.000000	
0.000000	0.000000	
295.000000 
0.008837	0.000000	
0.000000	0.000000	
296.000000 
0.009183	0.000000	
0.000000	0.000000	
297.000000 
0.009550	0.000000	
0.000000	0.000000	
298.000000 
0.009938	0.000000	
0.000000	0.000000	
299.000000 
0.010348	0.000000	
0.000000	0.000000	
300.000000 
0.010783	0.000000	
0.000000	0.000000	
301.000000 
0.011244	0.000000	
0.000000	0.000000	
302.000000 
0.011732	0.000000	
0.000000	0.000000	
303.000000 
0.012250	0.000000	
0.000000	0.000000	
304.000000 
0.012799	0.000000	
0.000000	0.000000	
305.000000 
0.013380	0.000000	
0.000000	0.000000	
306.000000 
0.013997	0.000000	
0.000000	0.000000	
307.000000 
0.014651	0.000000	
0.000000	0.000000	
308.000000 
0.015346	0.000000	
0.000000	0.000000	
309.000000 
0.016082	0.000000	
0.000000	0.000000	
310.000000 
0.016865	0.000000	
0.000000	0.000000	
311.000000 
0.017695	0.000000	
0.000000	0.000000	
312.000000 
0.018577	0.000000	
0.000000	0.000000	
313.000000 
0.019513	0.000000	
0.000000	0.000000	
314.000000 
0.020509	0.000000	
0.000000	0.000000	
315.000000 
0.021566	0.000000	
0.000000	0.000000	
316.000000 
0.022690	0.000000	
0.000000	0.000000	
317.000000 
0.023884	0.000000	
0.000000	0.000000	
318.000000 
0.025154	0.000000	
0.000000	0.000000	
319.000000 
0.026505	0.000000	
0.000000	0.000000	
320.000000 
0.027941	0.000000	
0.000000	0.000000	
321.000000 
0.029468	0.000000	
0.000000	0.000000	
322.000000 
0.031093	0.000000	
0.000000	0.000000	
323.000000 
0.032822	0.000000	
0.000000	0.000000	
324.000000 
0.034662	0.000000	
0.000000	0.000000	
325.000000 
0.036620	0.000000	
0.000000	0.000000	
326.000000 
0.038704	0.000000	
0.000000	0.000000	
327.000000 
0.040922	0.000000	
0.000000	0.000000	
328.000000 
0.043282	0.000000	
0.000000	0.000000	
329.000000 
0.045795	0.000000	
0.000000	0.000000	
330.000000 
0.048471	0.000000	
0.000000	0.000000	
331.000000 
0.051319	0.000000	
0.000000	0.000000	
332.000000 
0.054351	0.000000	
0.000000	0.000000	
333.000000 
0.057580	0.000000	
0.000000	0.000000	
334.000000 
0.061017	0.000000	
0.000000	0.000000	
335.000000 
0.064676	0.000000	
0.000000	0.000000	
336.000000 
0.068571	0.000000	
0.000000	0.000000	
337.000000 
0.072718	0.000000	
0.000000	0.000000	
338.000000 
0.077132	0.000000	
0.000000	0.000000	
339.000000 
0.081830	0.000000	
0.000000	0.000000	
340.000000 
0.086829	0.000000	
0.000000	0.000000	
341.000000 
0.092150	0.000000	
0.000000	0.000000	
342.000000 
0.097811	0.000000	
0.000000	0.000000	
343.000000 
0.103833	0.000000	
0.000000	0.000000	
344.000000 
0.110239	0.000000	
0.000000	0.000000	
345.000000 
0.117051	0.000000	
0.000000	0.000000	
346.000000 
0.124294	0.000000	
0.000000	0.000000	
347.000000 
0.131994	0.000000	
0.000000	0.000000	
348.000000 
0.140176	0.000000	
0.000000	0.000000	
349.000000 
0.148871	0.000000	
0.000000	0.000000	
350.000000 
0.158105	0.000000	
0.000000	0.000000	
351.000000 
0.167912	0.000000	
0.000000	0.000000	
352.000000 
0.178322	0.000000	
0.000000	0.000000	
353.000000 
0.189368	0.000000	
0.000000	0.000000	
354.000000 
0.201087	0.000000	
0.000000	0.000000	
355.000000 
0.213513	0.000000	
0.000000	0.000000	
356.000000 
0.226685	0.000000	
0.000000	0.000000	
357.000000 
0.240641	0.000000	
0.000000	0.000000	
358.000000 
0.255421	0.000000	
0.000000	0.000000	
359.000000 
0.271067	0.000000	
0.000000	0.000000	
360.000000 
0.287621	0.000000	
0.000000	0.000000	
361.000000 
0.305127	0.000000	
0.000000	0.000000	
362.000000 
0.323630	0.000000	
0.000000	0.000000	
363.000000 
0.343176	0.000000	
0.000000	0.000000	
364.000000 
0.363811	0.000000	
0.000000	0.000000	
365.000000 
0.385583	0.000000	
0.000000	0.000000	
366.000000 
0.408540	0.000000	
0.000000	0.000000	
367.000000 
0.432730	0.000000	
0.000000	0.000000	
368.000000 
0.458202	0.000000	
0.000000	0.000000	
369.000000 
0.485004	0.000000	
0.000000	0.000000	
370.000000 
0.513186	0.000000	
0.000000	0.000000	
371.000000 
0.542795	0.000000	
0.000000	0.000000	
372.000000 
0.573879	0.000000	
0.000000	0.000000	
373.000000 
0.606485	0.000000	
0.000000	0.000000	
374.000000 
0.640656	0.000000	
0.000000	0.000000	
375.000000 
0.676438	0.000000	
0.000000	0.000000	
376.000000 
0.713870	0.000000	
0.000000	0.000000	
377.000000 
0.752993	0.000000	
0.000000	0.000000	
378.000000 
0.793841	0.000000	
0.000000	0.000000	
379.000000 
0.836448	0.000000	
0.000000	0.000000	
380.000000 
0.880843	0.000000	
0.000000	0.000000	
381.000000 
0.927050	0.000000	
0.000000	0.000000	
382.000000 
0.975089	0.000000	
0.000000	0.000000	
383.000000 
1.024974	0.000000	
0.000000	0.000000	
384.000000 
1.076715	0.000000	
0.000000	0.000000	
385.000000 
1.130313	0.000000	
0.000000	0.000000	
386.000000 
1.185765	0.000000	
0.000000	0.000000	
387.000000 
1.243059	0.000000	
0.000000	0.000000	
388.000000 
1.302173	0.000000	
0.000000	0.000000	
389.000000 
1.363082	0.000000	
0.000000	0.000000	
390.000000 
1.425746	0.000000	
0.000000	0.000000	
391.000000 
1.490120	0.000000	
0.000000	0.000000	
392.000000 
1.556147	0.000000	
0.000000	0.000000	
393.000000 
1.623761	0.000000	
0.000000	0.000000	
394.000000 
1.692883	0.000000	
0.000000	0.000000	
395.000000 
1.763427	0.000000	
0.000000	0.000000	
396.000000 
1.835291	0.000000	
0.000000	0.000000	
397.000000 
1.908367	0.000000	
0.000000	0.000000	
398.000000 
1.982531	0.000000	
0.000000	0.000000	
399.000000 
2.057650	0.000000	
0.000000	0.000000	
400.000000 
2.133579	0.000000	
0.000000	0.000000	
401.000000 
2.210162	0.000000	
0.000000	0.000000	
402.000000 
2.287231	0.000000	
0.000000	0.000000	
403.000000 
2.364610	0.000000	
0.000000	0.000000	
404.000000 
2.442110	0.000000	
0.000000	0.000000	
405.000000 
2.519534	0.000000	
0.000000	0.000000	
406.000000 
2.596675	0.000000	
0.000000	0.000000	
407.000000 
2.673320	0.000000	
0.000000	0.000000	
408.000000 
2.749247	0.000000	
0.000000	0.000000	
409.000000 
2.824229	0.000000	
0.000000	0.000000	
410.000000 
2.898033	0.000000	
0.000000	0.000000	
411.000000 
2.970423	0.000000	
0.000000	0.000000	
412.000000 
3.041160	0.000000	
0.000000	0.000000	
413.000000 
3.110004	0.000000	
0.000000	0.000000	
414.000000 
3.176714	0.000000	
0.000000	0.000000	
415.000000 
3.241053	0.000000	
0.000000	0.000000	
416.000000 
3.302785	0.000000	
0.000000	0.000000	
417.000000 
3.361681	0.000000	
0.000000	0.000000	
418.000000 
3.417515	0.000000	
0.000000	0.000000	
419.000000 
3.470072	0.000000	
0.000000	0.000000	
420.000000 
3.519143	0.000000	
0.000000	0.000000	
421.000000 
3.564533	0.000000	
0.000000	0.000000	
422.000000 
3.606056	0.000000	
0.000000	0.000000	
423.000000 
3.643542	0.000000	
0.000000	0.000000	
424.000000 
3.676834	0.000000	
0.000000	0.000000	
425.000000 
3.705792	0.000000	
0.000000	0.000000	
426.000000 
3.730290	0.000000	
0.000000	0.000000	
427.000000 
3.750223	0.000000	
0.000000	0.000000	
428.000000 
3.765503	0.000000	
0.000000	0.000000	
429.000000 
3.776061	0.000000	
0.000000	0.000000	
430.000000 
3.781848	0.000000	
0.000000	0.000000	
431.000000 
3.782834	0.000000	
0.000000	0.000000	
432.000000 
3.779009	0.000000	
0.000000	0.000000	
433.000000 
3.770385	0.000000	
0.000000	0.000000	
434.000000 
3.756991	0.000000	
0.000000	0.000000	
435.000000 
3.738877	0.000000	
0.000000	0.000000	
436.000000 
3.716114	0.000000	
0.000000	0.000000	
437.000000 
3.688788	0.000000	
0.000000	0.000000	
438.000000 
3.657005	0.000000	
0.000000	0.000000	
439.000000 
3.620887	0.000000	
0.000000	0.000000	
440.000000 
3.580574	0.000000	
0.000000	0.000000	
441.000000 
3.536219	0.000000	
0.000000	0.000000	
442.000000 
3.487990	0.000000	
0.000000	0.000000	
443.000000 
3.436067	0.000000	
0.000000	0.000000	
444.000000 
3.380642	0.000000	
0.000000	0.000000	
445.000000 
3.321918	0.000000	
0.000000	0.000000	
446.000000 
3.260105	0.000000	
0.000000	0.000000	
447.000000 
3.195422	0.000000	
0.000000	0.000000	
448.000000 
3.128093	0.000000	
0.000000	0.000000	
449.000000 
3.058349	0.000000	
0.000000	0.000000	
450.000000 
2.986422	0.000000	
0.000000	0.000000	
451.000000 
2.912548	0.000000	
0.000000	0.000000	
452.000000 
2.836961	0.000000	
0.000000	0.000000	
453.000000 
2.759898	0.000000	
0.000000	0.000000	
454.000000 
2.681593	0.000000	
0.000000	0.000000	
455.000000 
2.602276	0.000000	
0.000000	0.000000	
456.000000 
2.522176	0.000000	
0.000000	0.000000	
457.000000 
2.441515	0.000000	
0.000000	0.000000	
458.000000 
2.360509	0.000000	
0.000000	0.000000	
459.000000 
2.279370	0.000000	
0.000000	0.000000	
460.000000 
2.198301	0.000000	
0.000000	0.000000	
461.000000 
2.117496	0.000000	
0.000000	0.000000	
462.000000 
2.037142	0.000000	
0.000000	0.000000	
463.000000 
1.957416	0.000000	
0.000000	0.000000	
464.000000 
1.878486	0.000000	
0.000000	0.000000	
465.000000 
1.800510	0.000000	
0.000000	0.000000	
466.000000 
1.723635	0.000000	
0.000000	0.000000	
467.000000 
1.647998	0.000000	
0.000000	0.000000	
468.000000 
1.573725	0.000000	
0.000000	0.000000	
469.000000 
1.500933	0.000000	
0.000000	0.000000	
470.000000 
1.429725	0.000000	
0.000000	0.000000	
471.000000 
1.360195	0.000000	
0.000000	0.000000	
472.000000 
1.292429	0.000000	
0.000000	0.000000	
473.000000 
1.226498	0.000000	
0.000000	0.000000	
474.000000 
1.162466	0.000000	
0.000000	0.000000	
475.000000 
1.100385	0.000000	
0.000000	0.000000	
476.000000 
1.040300	0.000000	
0.000000	0.000000	
477.000000 
0.982243	0.000000	
0.000000	0.000000	
478.000000 
0.926241	0.000000	
0.000000	0.000000	
479.000000 
0.872310	0.000000	
0.000000	0.000000	
480.000000 
0.820458	0.000000	
0.000000	0.000000	
481.000000 
0.770685	0.000000	
0.000000	0.000000	
482.000000 
0.722986	0.000000	
0.000000	0.000000	
483.000000 
0.677347	0.000000	
0.000000	0.000000	
484.000000 
0.633748	0.000000	
0.000000	0.000000	
485.000000 
0.592164	0.000000	
0.000000	0.000000	
486.000000 
0.552564	0.000000	
0.000000	0.000000	
487.000000 
0.514913	0.000000	
0.000000	0.000000	
488.000000 
0.479170	0.000000	
0.000000	0.000000	
489.000000 
0.445291	0.000000	
0.000000	0.000000	
490.000000 
0.413230	0.000000	
0.000000	0.000000	
491.000000 
0.382936	0.000000	
0.000000	0.000000	
492.000000 
0.354355	0.000000	
0.000000	0.000000	
493.000000 
0.327433	0.000000	
0.000000	0.000000	
494.000000 
0.302113	0.000000	
0.000000	0.000000	
495.000000 
0.278336	0.000000	
0.000000	0.000000	
496.000000 
0.256044	0.000000	
0.000000	0.000000	
497.000000 
0.235177	0.000000	
0.000000	0.000000	
498.000000 
0.215673	0.000000	
0.000000	0.000000	
499.000000 
0.197473	0.000000	
0.000000	0.000000	
500.000000 
0.180517	0.000000	
0.000000	0.000000	
501.000000 
0.164746	0.000000	
0.000000	0.000000	
502.000000 
0.150099	0.000000	
0.000000	0.000000	
503.000000 
0.136519	0.000000	
0.000000	0.000000	
504.000000 
0.123950	0.000000	
0.000000	0.000000	
505.000000 
0.112335	0.000000	
0.000000	0.000000	
506.000000 
0.101620	0.000000	
0.000000	0.000000	
507.000000 
0.091753	0.000000	
0.000000	0.000000	
508.000000 
0.082681	0.000000	
0.000000	0.000000	
509.000000 
0.074357	0.000000	
0.000000	0.000000	
510.000000 
0.066732	0.000000	
0.000000	0.000000	
511.000000 
0.059761	0.000000	
0.000000	0.000000	
512.000000 
0.053399	0.000000	
0.000000	0.000000	
513.000000 
0.047605	0.000000	
0.000000	0.000000	
514.000000 
0.042338	0.000000	
0.000000	0.000000	
515.000000 
0.037561	0.000000	
0.000000	0.000000	
516.000000 
0.033237	0.000000	
0.000000	0.000000	
517.000000 
0.029332	0.000000	
0.000000	0.000000	
518.000000 
0.025813	0.000000	
0.000000	0.000000	
519.000000 
0.022650	0.000000	
0.000000	0.000000	
520.000000 
0.019815	0.000000	
0.000000	0.000000	
521.000000 
0.017279	0.000000	
0.000000	0.000000	
522.000000 
0.015018	0.000000	
0.000000	0.000000	
523.000000 
0.013008	0.000000	
0.000000	0.000000	
524.000000 
0.011226	0.000000	
0.000000	0.000000	
525.000000 
0.009653	0.000000	
0.000000	0.000000	
526.000000 
0.008269	0.000000	
0.000000	0.000000	
527.000000 
0.007055	0.000000	
0.000000	0.000000	
528.000000 
0.005996	0.000000	
0.000000	0.000000	
529.000000 
0.005076	0.000000	
0.000000	0.000000	
530.000000 
0.004282	0.000000	
0.000000	0.000000	
531.000000 
0.003599	0.000000	
0.000000	0.000000	
532.000000 
0.003018	0.000000	
0.000000	0.000000	
533.000000 
0.002525	0.000000	
0.000000	0.000000	
534.000000 
0.002112	0.000000	
0.000000	0.000000	
535.000000 
0.001770	0.000000	
0.000000	0.000000	
536.000000 
0.001490	0.000000	
0.000000	0.000000	
537.000000 
0.001264	0.000000	
0.000000	0.000000	
538.000000 
0.001086	0.000000	
0.000000	0.000000	
539.000000 
0.000950	0.000000	
0.000000	0.000000	
540.000000 
0.000850	0.000000	
0.000000	0.000000	
541.000000 
0.000781	0.000000	
0.000000	0.000000	
542.000000 
0.000738	0.000000	
0.000000	0.000000	
543.000000 
0.000718	0.000000	
0.000000	0.000000	
544.000000 
0.000718	0.000000	
0.000000	0.000000	
545.000000 
0.000733	0.000000	
0.000000	0.000000	
546.000000 
0.000761	0.000000	
0.000000	0.000000	
547.000000 
0.000799	0.000000	
0.000000	0.000000	
548.000000 
0.000846	0.000000	
0.000000	0.000000	
549.000000 
0.000900	0.000000	
0.000000	0.000000	
550.000000 
0.000958	0.000000	
0.000000	0.000000	
551.000000 
0.001020	0.000000	
0.000000	0.000000	
552.000000 
0.001083	0.000000	
0.000000	0.000000	
553.000000 
0.001148	0.000000	
0.000000	0.000000	
554.000000 
0.001213	0.000000	
0.000000	0.000000	
555.000000 
0.001277	0.000000	
0.000000	0.000000	
556.000000 
0.001339	0.000000	
0.000000	0.000000	
557.000000 
0.001400	0.000000	
0.000000	0.000000	
558.000000 
0.001459	0.000000	
0.000000	0.000000	
559.000000 
0.001515	0.000000	
0.000000	0.000000	
560.000000 
0.001569	0.000000	
0.000000	0.000000	
561.000000 
0.001619	0.000000	
0.000000	0.000000	
562.000000 
0.001666	0.000000	
0.000000	0.000000	
563.000000 
0.001710	0.000000	
0.000000	0.000000	
564.000000 
0.001751	0.000000	
0.000000	0.000000	
565.000000 
0.001788	0.000000	
0.000000	0.000000	
566.000000 
0.001822	0.000000	
0.000000	0.000000	
567.000000 
0.001853	0.000000	
0.000000	0.000000	
568.000000 
0.001881	0.000000	
0.000000	0.000000	
569.000000 
0.001906	0.000000	
0.000000	0.000000	
570.000000 
0.001928	0.000000	
0.000000	0.000000	
571.000000 
0.001947	0.000000	
0.000000	0.000000	
572.000000 
0.001964	0.000000	
0.000000	0.000000	
573.000000 
0.001978	0.000000	
0.000000	0.000000	
574.000000 
0.001990	0.000000	
0.000000	0.000000	
575.000000 
0.001999	0.000000	
0.000000	0.000000	
576.000000 
0.002007	0.000000	
0.000000	0.000000	
577.000000 
0.002012	0.000000	
0.000000	0.000000	
578.000000 
0.002016	0.000000	
0.000000	0.000000	
579.000000 
0.002018	0.000000	
0.000000	0.000000	
580.000000 
0.002019	0.000000	
0.000000	0.000000	
581.000000 
0.002018	0.000000	
0.000000	0.000000	
582.000000 
0.002016	0.000000	
0.000000	0.000000	
583.000000 
0.002013	0.000000	
0.000000	0.000000	
584.000000 
0.002008	0.000000	
0.000000	0.000000	
585.000000 
0.002003	0.000000	
0.000000	0.000000	
586.000000 
0.001997	0.000000	
0.000000	0.000000	
587.000000 
0.001991	0.000000	
0.000000	0.000000	
588.000000 
0.001984	0.000000	
0.000000	0.000000	
589.000000 
0.001976	0.000000	
0.000000	0.000000	
590.000000 
0.001968	0.000000	
0.000000	0.000000	
591.000000 
0.001959	0.000000	
0.000000	0.000000	
592.000000 
0.001951	0.000000	
0.000000	0.000000	
593.000000 
0.001942	0.000000	
0.000000	0.000000	
594.000000 
0.001933	0.000000	
0.000000	0.000000	
595.000000 
0.001924	0.000000	
0.000000	0.000000	
596.000000 
0.001915	0.000000	
0.000000	0.000000	
597.000000 
0.001906	0.000000	
0.000000	0.000000	
598.000000 
0.001897	0.000000	
0.000000	0.000000	
599.000000 
0.001889	0.000000	
0.000000	0.000000	
600.000000 
0.001881	0.000000	
0.000000	0.000000	
601.000000 
0.001873	0.000000	
0.000000	0.000000	
602.000000 
0.001865	0.000000	
0.000000	0.000000	
603.000000 
0.001858	0.000000	
0.000000	0.000000	
604.000000 
0.001851	0.000000	
0.000000	0.000000	
605.000000 
0.001844	0.000000	
0.000000	0.000000	
606.000000 
0.001838	0.000000	
0.000000	0.000000	
607.000000 
0.001833	0.000000	
0.000000	0.000000	
608.000000 
0.001828	0.000000	
0.000000	0.000000	
609.000000 
0.001824	0.000000	
0.000000	0.000000	
610.000000 
0.001820	0.000000	
0.000000	0.000000	
611.000000 
0.001817	0.000000	
0.000000	0.000000	
612.000000 
0.001815	0.000000	
0.000000	0.000000	
613.000000 
0.001813	0.000000	
0.000000	0.000000	
614.000000 
0.001812	0.000000	
0.000000	0.000000	
615.000000 
0.001812	0.000000	
0.000000	0.000000	
616.000000 
0.001812	0.000000	
0.000000	0.000000	
617.000000 
0.001813	0.000000	
0.000000	0.000000	
618.000000 
0.001815	0.000000	
0.000000	0.000000	
619.000000 
0.001818	0.000000	
0.000000	0.000000	
620.000000 
0.001822	0.000000	
0.000000	0.000000	
621.000000 
0.001827	0.000000	
0.000000	0.000000	
622.000000 
0.001832	0.000000	
0.000000	0.000000	
623.000000 
0.001839	0.000000	
0.000000	0.000000	
624.000000 
0.001846	0.000000	
0.000000	0.000000	
625.000000 
0.001855	0.000000	
0.000000	0.000000	
626.000000 
0.001864	0.000000	
0.000000	0.000000	
627.000000 
0.001875	0.000000	
0.000000	0.000000	
628.000000 
0.001886	0.000000	
0.000000	0.000000	
629.000000 
0.001899	0.000000	
0.000000	0.000000	
630.000000 
0.001913	0.000000	
0.000000	0.000000	
631.000000 
0.001928	0.000000	
0.000000	0.000000	
632.000000 
0.001944	0.000000	
0.000000	0.000000	
633.000000 
0.001962	0.000000	
0.000000	0.000000	
634.000000 
0.001981	0.000000	
0.000000	0.000000	
635.000000 
0.002001	0.000000	
0.000000	0.000000	
636.000000 
0.002023	0.000000	
0.000000	0.000000	
637.000000 
0.002046	0.000000	
0.000000	0.000000	
638.000000 
0.002070	0.000000	
0.000000	0.000000	
639.000000 
0.002096	0.000000	
0.000000	0.000000	
640.000000 
0.002124	0.000000	
0.000000	0.000000	
641.000000 
0.002154	0.000000	
0.000000	0.000000	
642.000000 
0.002185	0.000000	
0.000000	0.000000	
643.000000 
0.002218	0.000000	
0.000000	0.000000	
644.000000 
0.002252	0.000000	
0.000000	0.000000	
645.000000 
0.002289	0.000000	
0.000000	0.000000	
646.000000 
0.002328	0.000000	
0.000000	0.000000	
647.000000 
0.002368	0.000000	
0.000000	0.000000	
648.000000 
0.002411	0.000000	
0.000000	0.000000	
649.000000 
0.002457	0.000000	
0.000000	0.000000	
650.000000 
0.002504	0.000000	
0.000000	0.000000	
651.000000 
0.002554	0.000000	
0.000000	0.000000	
652.000000 
0.002607	0.000000	
0.000000	0.000000	
653.000000 
0.002662	0.000000	
0.000000	0.000000	
654.000000 
0.002720	0.000000	
0.000000	0.000000	
655.000000 
0.002781	0.000000	
0.000000	0.000000	
656.000000 
0.002845	0.000000	
0.000000	0.000000	
657.000000 
0.002913	0.000000	
0.000000	0.000000	
658.000000 
0.002983	0.000000	
0.000000	0.000000	
659.000000 
0.003057	0.000000	
0.000000	0.000000	
660.000000 
0.003135	0.000000	
0.000000	0.000000	
661.000000 
0.003216	0.000000	
0.000000	0.000000	
662.000000 
0.003302	0.000000	
0.000000	0.000000	
663.000000 
0.003391	0.000000	
0.000000	0.000000	
664.000000 
0.003485	0.000000	
0.000000	0.000000	
665.000000 
0.003584	0.000000	
0.000000	0.000000	
666.000000 
0.003687	0.000000	
0.000000	0.000000	
667.000000 
0.003796	0.000000	
0.000000	0.000000	
668.000000 
0.003910	0.000000	
0.000000	0.000000	
669.000000 
0.004029	0.000000	
0.000000	0.000000	
670.000000 
0.004154	0.000000	
0.000000	0.000000	
671.000000 
0.004285	0.000000	
0.000000	0.000000	
672.000000 
0.004422	0.000000	
0.000000	0.000000	
673.000000 
0.004566	0.000000	
0.000000	0.000000	
674.000000 
0.004717	0.000000	
0.000000	0.000000	
675.000000 
0.004876	0.000000	
0.000000	0.000000	
676.000000 
0.005042	0.000000	
0.000000	0.000000	
677.000000 
0.005216	0.000000	
0.000000	0.000000	
678.000000 
0.005398	0.000000	
0.000000	0.000000	
679.000000 
0.005590	0.000000	
0.000000	0.000000	
680.000000 
0.005790	0.000000	
0.000000	0.000000	
681.000000 
0.006001	0.000000	
0.000000	0.000000	
682.000000 
0.006221	0.000000	
0.000000	0.000000	
683.000000 
0.006453	0.000000	
0.000000	0.000000	
684.000000 
0.006695	0.000000	
0.000000	0.000000	
685.000000 
0.006950	0.000000	
0.000000	0.000000	
686.000000 
0.007216	0.000000	
0.000000	0.000000	
687.000000 
0.007496	0.000000	
0.000000	0.000000	
688.000000 
0.007789	0.000000	
0.000000	0.000000	
689.000000 
0.008097	0.000000	
0.000000	0.000000	
690.000000 
0.008419	0.000000	
0.000000	0.000000	
691.000000 
0.008757	0.000000	
0.000000	0.000000	
692.000000 
0.009111	0.000000	
0.000000	0.000000	
693.000000 
0.009483	0.000000	
0.000000	0.000000	
694.000000 
0.009872	0.000000	
0.000000	0.000000	
695.000000 
0.010280	0.000000	
0.000000	0.000000	
696.000000 
0.010708	0.000000	
0.000000	0.000000	
697.000000 
0.011156	0.000000	
0.000000	0.000000	
698.000000 
0.011626	0.000000	
0.000000	0.000000	
699.000000 
0.012118	0.000000	
0.000000	0.000000	
700.000000 
0.012633	0.000000	
0.000000	0.000000	
701.000000 
0.013173	0.000000	
0.000000	0.000000	
702.000000 
0.013738	0.000000	
0.000000	0.000000	
703.000000 
0.014330	0.000000	
0.000000	0.000000	
704.000000 
0.014950	0.000000	
0.000000	0.000000	
705.000000 
0.015599	0.000000	
0.000000	0.000000	
706.000000 
0.016277	0.000000	
0.000000	0.000000	
707.000000 
0.016988	0.000000	
0.000000	0.000000	
708.000000 
0.017731	0.000000	
0.000000	0.000000	
709.000000 
0.018508	0.000000	
0.000000	0.000000	
710.000000 
0.019320	0.000000	
0.000000	0.000000	
711.000000 
0.020169	0.000000	
0.000000	0.000000	
712.000000 
0.021057	0.000000	
0.000000	0.000000	
713.000000 
0.021984	0.000000	
0.000000	0.000000	
714.000000 
0.022952	0.000000	
0.000000	0.000000	
715.000000 
0.023962	0.000000	
0.000000	0.000000	
716.000000 
0.025017	0.000000	
0.000000	0.000000	
717.000000 
0.026117	0.000000	
0.000000	0.000000	
718.000000 
0.027265	0.000000	
0.000000	0.000000	
719.000000 
0.028460	0.000000	
0.000000	0.000000	
720.000000 
0.029707	0.000000	
0.000000	0.000000	
721.000000 
0.031004	0.000000	
0.000000	0.000000	
722.000000 
0.032355	0.000000	
0.000000	0.000000	
723.000000 
0.033761	0.000000	
0.000000	0.000000	
724.000000 
0.035224	0.000000	
0.000000	0.000000	
725.000000 
0.036743	0.000000	
0.000000	0.000000	
726.000000 
0.038323	0.000000	
0.000000	0.000000	
727.000000 
0.039962	0.000000	
0.000000	0.000000	
728.000000 
0.041664	0.000000	
0.000000	0.000000	
729.000000 
0.043429	0.000000	
0.000000	0.000000	
730.000000 
0.045259	0.000000	
0.000000	0.000000	
731.000000 
0.047154	0.000000	
0.000000	0.000000	
732.000000 
0.049116	0.000000	
0.000000	0.000000	
733.000000 
0.051145	0.000000	
0.000000	0.000000	
734.000000 
0.053244	0.000000	
0.000000	0.000000	
735.000000 
0.055411	0.000000	
0.000000	0.000000	
736.000000 
0.057649	0.000000	
0.000000	0.000000	
737.000000 
0.059957	0.000000	
0.000000	0.000000	
738.000000 
0.062336	0.000000	
0.000000	0.000000	
739.000000 
0.064785	0.000000	
0.000000	0.000000	
740.000000 
0.067306	0.000000	
0.000000	0.000000	
741.000000 
0.069897	0.000000	
0.000000	0.000000	
742.000000 
0.072559	0.000000	
0.000000	0.000000	
743.000000 
0.075290	0.000000	
0.000000	0.000000	
744.000000 
0.078090	0.000000	
0.000000	0.000000	
745.000000 
0.080958	0.000000	
0.000000	0.000000	
746.000000 
0.083892	0.000000	
0.000000	0.000000	
747.000000 
0.086891	0.000000	
0.000000	0.000000	
748.000000 
0.089952	0.000000	
0.000000	0.000000	
749.000000 
0.093074	0.000000	
0.000000	0.000000	
750.000000 
0.096253	0.000000	
0.000000	0.000000	
751.000000 
0.099488	0.000000	
0.000000	0.000000	
752.000000 
0.102775	0.000000	
0.000000	0.000000	
753.000000 
0.106111	0.000000	
0.000000	0.000000	
754.000000 
0.109491	0.000000	
0.000000	0.000000	
755.000000 
0.112913	0.000000	
0.000000	0.000000	
756.000000 
0.116370	0.000000	
0.000000	0.000000	
757.000000 
0.119859	0.000000	
0.000000	0.000000	
758.000000 
0.123374	0.000000	
0.000000	0.000000	
759.000000 
0.126910	0.000000	
0.000000	0.000000	
760.000000 
0.130461	0.000000	
0.000000	0.000000	
761.000000 
0.134021	0.000000	
0.000000	0.000000	
762.000000 
0.137584	0.000000	
0.000000	0.000000	
763.000000 
0.141143	0.000000	
0.000000	0.000000	
764.000000 
0.144691	0.000000	
0.000000	0.000000	
765.000000 
0.148220	0.000000	
0.000000	0.000000	
766.000000 
0.151723	0.000000	
0.000000	0.000000	
767.000000 
0.155192	0.000000	
0.000000	0.000000	
768.000000 
0.158620	0.000000	
0.000000	0.000000	
769.000000 
0.161998	0.000000	
0.000000	0.000000	
770.000000 
0.165318	0.000000	
0.000000	0.000000	
771.000000 
0.168572	0.000000	
0.000000	0.000000	
772.000000 
0.171750	0.000000	
0.000000	0.000000	
773.000000 
0.174844	0.000000	
0.000000	0.000000	
774.000000 
0.177846	0.000000	
0.000000	0.000000	
775.000000 
0.180747	0.000000	
0.000000	0.000000	
776.000000 
0.183539	0.000000	
0.000000	0.000000	
777.000000 
0.186212	0.000000	
0.000000	0.000000	
778.000000 
0.188759	0.000000	
0.000000	0.000000	
779.000000 
0.191171	0.000000	
0.000000	0.000000	
780.000000 
0.193440	0.000000	
0.000000	0.000000	
781.000000 
0.195559	0.000000	
0.000000	0.000000	
782.000000 
0.197520	0.000000	
0.000000	0.000000	
783.000000 
0.199315	0.000000	
0.000000	0.000000	
784.000000 
0.200939	0.000000	
0.000000	0.000000	
785.000000 
0.202385	0.000000	
0.000000	0.000000	
786.000000 
0.203647	0.000000	
0.000000	0.000000	
787.000000 
0.204719	0.000000	
0.000000	0.000000	
788.000000 
0.205596	0.000000	
0.000000	0.000000	
789.000000 
0.206275	0.000000	
0.000000	0.000000	
790.000000 
0.206752	0.000000	
0.000000	0.000000	
791.000000 
0.207023	0.000000	
0.000000	0.000000	
792.000000 
0.207085	0.000000	
0.000000	0.000000	
793.000000 
0.206938	0.000000	
0.000000	0.000000	
794.000000 
0.206580	0.000000	
0.000000	0.000000	
795.000000 
0.206011	0.000000	
0.000000	0.000000	
796.000000 
0.205230	0.000000	
0.000000	0.000000	
797.000000 
0.204238	0.000000	
0.000000	0.000000	
798.000000 
0.203039	0.000000	
0.000000	0.000000	
799.000000 
0.201632	0.000000	
0.000000	0.000000	
800.000000 
0.200023	0.000000	
0.000000	0.000000	
801.000000 
0.198213	0.000000	
0.000000	0.000000	
802.000000 
0.196209	0.000000	
0.000000	0.000000	
803.000000 
0.194015	0.000000	
0.000000	0.000000	
804.000000 
0.191636	0.000000	
0.000000	0.000000	
805.000000 
0.189079	0.000000	
0.000000	0.000000	
806.000000 
0.186350	0.000000	
0.000000	0.000000	
807.000000 
0.183458	0.000000	
0.000000	0.000000	
808.000000 
0.180410	0.000000	
0.000000	0.000000	
809.000000 
0.177214	0.000000	
0.000000	0.000000	
810.000000 
0.173880	0.000000	
0.000000	0.000000	
811.000000 
0.170415	0.000000	
0.000000	0.000000	
812.000000 
0.166831	0.000000	
0.000000	0.000000	
813.000000 
0.163136	0.000000	
0.000000	0.000000	
814.000000 
0.159340	0.000000	
0.000000	0.000000	
815.000000 
0.155454	0.000000	
0.000000	0.000000	
816.000000 
0.151489	0.000000	
0.000000	0.000000	
817.000000 
0.147453	0.000000	
0.000000	0.000000	
818.000000 
0.143359	0.000000	
0.000000	0.000000	
819.000000 
0.139216	0.000000	
0.000000	0.000000	
820.000000 
0.135034	0.000000	
0.000000	0.000000	
821.000000 
0.130824	0.000000	
0.000000	0.000000	
822.000000 
0.126596	0.000000	
0.000000	0.000000	
823.000000 
0.122360	0.000000	
0.000000	0.000000	
824.000000 
0.118125	0.000000	
0.000000	0.000000	
825.000000 
0.113901	0.000000	
0.000000	0.000000	
826.000000 
0.109697	0.000000	
0.000000	0.000000	
827.000000 
0.105521	0.000000	
0.000000	0.000000	
828.000000 
0.101382	0.000000	
0.000000	0.000000	
829.000000 
0.097288	0.000000	
0.000000	0.000000	
830.000000 
0.093246	0.000000	
0.000000	0.000000	
831.000000 
0.089263	0.000000	
0.000000	0.000000	
832.000000 
0.085346	0.000000	
0.000000	0.000000	
833.000000 
0.081501	0.000000	
0.000000	0.000000	
834.000000 
0.077733	0.000000	
0.000000	0.000000	
835.000000 
0.074048	0.000000	
0.000000	0.000000	
836.000000 
0.070451	0.000000	
0.000000	0.000000	
837.000000 
0.066944	0.000000	
0.000000	0.000000	
838.000000 
0.063533	0.000000	
0.000000	0.000000	
839.000000 
0.060220	0.000000	
0.000000	0.000000	
840.000000 
0.057007	0.000000	
0.000000	0.000000	
841.000000 
0.053898	0.000000	
0.000000	0.000000	
842.000000 
0.050893	0.000000	
0.000000	0.000000	
843.000000 
0.047994	0.000000	
0.000000	0.000000	
844.000000 
0.045202	0.000000	
0.000000	0.000000	
845.000000 
0.042517	0.000000	
0.000000	0.000000	
846.000000 
0.039940	0.000000	
0.000000	0.000000	
847.000000 
0.037470	0.000000	
0.000000	0.000000	
848.000000 
0.035106	0.000000	
0.000000	0.000000	
849.000000 
0.032847	0.000000	
0.000000	0.000000	
850.000000 
0.030693	0.000000	
0.000000	0.000000	
851.000000 
0.028641	0.000000	
0.000000	0.000000	
852.000000 
0.026690	0.000000	
0.000000	0.000000	
853.000000 
0.024838	0.000000	
0.000000	0.000000	
854.000000 
0.023082	0.000000	
0.000000	0.000000	
855.000000 
0.021420	0.000000	
0.000000	0.000000	
856.000000 
0.019850	0.000000	
0.000000	0.000000	
857.000000 
0.018368	0.000000	
0.000000	0.000000	
858.000000 
0.016973	0.000000	
0.000000	0.000000	
859.000000 
0.015660	0.000000	
0.000000	0.000000	
860.000000 
0.014427	0.000000	
0.000000	0.000000	
861.000000 
0.013272	0.000000	
0.000000	0.000000	
862.000000 
0.012190	0.000000	
0.000000	0.000000	
863.000000 
0.011179	0.000000	
0.000000	0.000000	
864.000000 
0.010235	0.000000	
0.000000	0.000000	
865.000000 
0.009356	0.000000	
0.000000	0.000000	
866.000000 
0.008538	0.000000	
0.000000	0.000000	
867.000000 
0.007779	0.000000	
0.000000	0.000000	
868.000000 
0.007075	0.000000	
0.000000	0.000000	
869.000000 
0.006423	0.000000	
0.000000	0.000000	
870.000000 
0.005821	0.000000	
0.000000	0.000000	
871.000000 
0.005266	0.000000	
0.000000	0.000000	
872.000000 
0.004754	0.000000	
0.000000	0.000000	
873.000000 
0.004284	0.000000	
0.000000	0.000000	
874.000000 
0.003853	0.000000	
0.000000	0.000000	
875.000000 
0.003458	0.000000	
0.000000	0.000000	
876.000000 
0.003096	0.000000	
0.000000	0.000000	
877.000000 
0.002767	0.000000	
0.000000	0.000000	
878.000000 
0.002466	0.000000	
0.000000	0.000000	
879.000000 
0.002194	0.000000	
0.000000	0.000000	
880.000000 
0.001946	0.000000	
0.000000	0.000000	
881.000000 
0.001722	0.000000	
0.000000	0.000000	
882.000000 
0.001520	0.000000	
0.000000	0.000000	
883.000000 
0.001337	0.000000	
0.000000	0.000000	
884.000000 
0.001173	0.000000	
0.000000	0.000000	
885.000000 
0.001027	0.000000	
0.000000	0.000000	
886.000000 
0.000895	0.000000	
0.000000	0.000000	
887.000000 
0.000778	0.000000	
0.000000	0.000000	
888.000000 
0.000674	0.000000	
0.000000	0.000000	
889.000000 
0.000582	0.000000	
0.000000	0.000000	
890.000000 
0.000500	0.000000	
0.000000	0.000000	
891.000000 
0.000428	0.000000	
0.000000	0.000000	
892.000000 
0.000366	0.000000	
0.000000	0.000000	
893.000000 
0.000311	0.000000	
0.000000	0.000000	
894.000000 
0.000263	0.000000	
0.000000	0.000000	
895.000000 
0.000222	0.000000	
0.000000	0.000000	
896.000000 
0.000187	0.000000	
0.000000	0.000000	
897.000000 
0.000156	0.000000	
0.000000	0.000000	
898.000000 
0.000131	0.000000	
0.000000	0.000000	
899.000000 
0.000109	0.000000	
0.000000	0.000000	
900.000000 
0.000092	0.000000	
0.000000	0.000000	
901.000000 
0.000077	0.000000	
0.000000	0.000000	
902.000000 
0.000065	0.000000	
0.000000	0.000000	
903.000000 
0.000056	0.000000	
0.000000	0.000000	
904.000000 
0.000049	0.000000	
0.000000	0.000000	
905.000000 
0.000044	0.000000	
0.000000	0.000000	
906.000000 
0.000040	0.000000	
0.000000	0.000000	
907.000000 
0.000038	0.000000	
0.000000	0.000000	
908.000000 
0.000037	0.000000	
0.000000	0.000000	
909.000000 
0.000037	0.000000	
0.000000	0.000000	
910.000000 
0.000038	0.000000	
0.000000	0.000000	
911.000000 
0.000039	0.000000	
0.000000	0.000000	
912.000000 
0.000041	0.000000	
0.000000	0.000000	
913.000000 
0.000044	0.000000	
0.000000	0.000000	
914.000000 
0.000047	0.000000	
0.000000	0.000000	
915.000000 
0.000050	0.000000	
0.000000	0.000000	
916.000000 
0.000053	0.000000	
0.000000	0.000000	
917.000000 
0.000056	0.000000	
0.000000	0.000000	
918.000000 
0.000059	0.000000	
0.000000	0.000000	
919.000000 
0.000063	0.000000	
0.000000	0.000000	
920.000000 
0.000066	0.000000	
0.000000	0.000000	
921.000000 
0.000069	0.000000	
0.000000	0.000000	
922.000000 
0.000072	0.000000	
0.000000	0.000000	
923.000000 
0.000075	0.000000	
0.000000	0.000000	
924.000000 
0.000078	0.000000	
0.000000	0.000000	
925.000000 
0.000081	0.000000	
0.000000	0.000000	
926.000000 
0.000084	0.000000	
0.000000	0.000000	
927.000000 
0.000086	0.000000	
0.000000	0.000000	
928.000000 
0.000088	0.000000	
0.000000	0.000000	
929.000000 
0.000090	0.000000	
0.000000	0.000000	
930.000000 
0.000092	0.000000	
0.000000	0.000000	
931.000000 
0.000094	0.000000	
0.000000	0.000000	
932.000000 
0.000096	0.000000	
0.000000	0.000000	
933.000000 
0.000097	0.000000	
0.000000	0.000000	
934.000000 
0.000098	0.000000	
0.000000	0.000000	
935.000000 
0.000100	0.000000	
0.000000	0.000000	
936.000000 
0.000101	0.000000	
0.000000	0.000000	
937.000000 
0.000101	0.000000	
0.000000	0.000000	
938.000000 
0.000102	0.000000	
0.000000	0.000000	
939.000000 
0.000103	0.000000	
0.000000	0.000000	
940.000000 
0.000103	0.000000	
0.000000	0.000000	
941.000000 
0.000104	0.000000	
0.000000	0.000000	
942.000000 
0.000104	0.000000	
0.000000	0.000000	
943.000000 
0.000104	0.000000	
0.000000	0.000000	
944.000000 
0.000104	0.000000	
0.000000	0.000000	
945.000000 
0.000104	0.000000	
0.000000	0.000000	
946.000000 
0.000104	0.000000	
0.000000	0.000000	
947.000000 
0.000104	0.000000	
0.000000	0.000000	
948.000000 
0.000104	0.000000	
0.000000	0.000000	
949.000000 
0.000104	0.000000	
0.000000	0.000000	
