1
0.000000 
2118.000000	2118.000000	
2118.000000	2118.000000	
1.000000 
2117.861231	2117.861231	
2118.000000	2118.000000	
2.000000 
2117.711844	2117.711844	
2118.000000	2118.000000	
3.000000 
2117.551080	2117.551080	
2118.000000	2118.000000	
4.000000 
2117.378129	2117.378129	
2118.000000	2118.000000	
5.000000 
2117.192137	2117.192137	
2118.000000	2118.000000	
6.000000 
2116.992197	2116.992197	
2118.000000	2118.000000	
7.000000 
2116.777348	2116.777348	
2118.000000	2118.000000	
8.000000 
2116.546578	2116.546578	
2118.000000	2118.000000	
9.000000 
2116.298818	2116.298818	
2118.000000	2118.000000	
10.000000 
2116.032941	2116.032941	
2118.000000	2118.000000	
11.000000 
2115.747762	2115.747762	
2118.000000	2118.000000	
12.000000 
2115.442034	2115.442034	
2118.000000	2118.000000	
13.000000 
2115.114451	2115.114451	
2118.000000	2118.000000	
14.000000 
2114.763643	2114.763643	
2118.000000	2118.000000	
15.000000 
2114.388180	2114.388180	
2118.000000	2118.000000	
16.000000 
2113.986566	2113.986566	
2118.000000	2118.000000	
17.000000 
2113.557243	2113.557243	
2118.000000	2118.000000	
18.000000 
2113.098592	2113.098592	
2118.000000	2118.000000	
19.000000 
2112.608930	2112.608930	
2118.000000	2118.000000	
20.000000 
2112.086514	2112.086514	
2118.000000	2118.000000	
21.000000 
2111.529542	2111.529542	
2118.000000	2118.000000	
22.000000 
2110.936155	2110.936155	
2118.000000	2118.000000	
23.000000 
2110.304439	2110.304439	
2118.000000	2118.000000	
24.000000 
2109.632431	2109.632431	
2118.000000	2118.000000	
25.000000 
2108.918119	2108.918119	
2118.000000	2118.000000	
26.000000 
2108.159448	2108.159448	
2118.000000	2118.000000	
27.000000 
2107.354328	2107.354328	
2118.000000	2118.000000	
28.000000 
2106.500635	2106.500635	
2118.000000	2118.000000	
29.000000 
2105.596221	2105.596221	
2118.000000	2118.000000	
30.000000 
2104.638921	2104.638921	
2118.000000	2118.000000	
31.000000 
2103.626558	2103.626558	
2118.000000	2118.000000	
32.000000 
2102.556957	2102.556957	
2118.000000	2118.000000	
33.000000 
2101.427951	2101.427951	
2118.000000	2118.000000	
34.000000 
2100.237391	2100.237391	
2118.000000	2118.000000	
35.000000 
2098.983159	2098.983159	
2118.000000	2118.000000	
36.000000 
2097.663178	2097.663178	
2118.000000	2118.000000	
37.000000 
2096.275426	2096.275426	
2118.000000	2118.000000	
38.000000 
2094.817948	2094.817948	
2118.000000	2118.000000	
39.000000 
2093.288869	2093.288869	
2118.000000	2118.000000	
40.000000 
2091.686410	2091.686410	
2118.000000	2118.000000	
41.000000 
2090.008897	2090.008897	
2118.000000	2118.000000	
42.000000 
2088.254784	2088.254784	
2118.000000	2118.000000	
43.000000 
2086.422659	2086.422659	
2118.000000	2118.000000	
44.000000 
2084.511266	2084.511266	
2118.000000	2118.000000	
45.000000 
2082.519516	2082.519516	
2118.000000	2118.000000	
46.000000 
2080.446502	2080.446502	
2118.000000	2118.000000	
47.000000 
2078.291513	2078.291513	
2118.000000	2118.000000	
48.000000 
2076.054050	2076.054050	
2118.000000	2118.000000	
49.000000 
2073.733835	2073.733835	
2118.000000	2118.000000	
50.000000 
2071.330830	2071.330830	
2118.000000	2118.000000	
51.000000 
2068.845241	2068.845241	
2118.000000	2118.000000	
52.000000 
2066.277532	2066.277532	
2118.000000	2118.000000	
53.000000 
2063.628437	2063.628437	
2118.000000	2118.000000	
54.000000 
2060.898962	2060.898962	
2118.000000	2118.000000	
55.000000 
2058.090395	2058.090395	
2118.000000	2118.000000	
56.000000 
2055.204308	2055.204308	
2118.000000	2118.000000	
57.000000 
2052.242563	2052.242563	
2118.000000	2118.000000	
58.000000 
2049.207313	2049.207313	
2118.000000	2118.000000	
59.000000 
2046.100995	2046.100995	
2118.000000	2118.000000	
60.000000 
2042.926337	2042.926337	
2118.000000	2118.000000	
61.000000 
2039.686344	2039.686344	
2118.000000	2118.000000	
62.000000 
2036.384296	2036.384296	
2118.000000	2118.000000	
63.000000 
2033.023739	2033.023739	
2118.000000	2118.000000	
64.000000 
2029.608471	2029.608471	
2118.000000	2118.000000	
65.000000 
2026.142532	2026.142532	
2118.000000	2118.000000	
66.000000 
2022.630188	2022.630188	
2118.000000	2118.000000	
67.000000 
2019.075916	2019.075916	
2118.000000	2118.000000	
68.000000 
2015.484383	2015.484383	
2118.000000	2118.000000	
69.000000 
2011.860427	2011.860427	
2118.000000	2118.000000	
70.000000 
2008.209038	2008.209038	
2118.000000	2118.000000	
71.000000 
2004.535335	2004.535335	
2118.000000	2118.000000	
72.000000 
2000.844538	2000.844538	
2118.000000	2118.000000	
73.000000 
1997.141953	1997.141953	
2118.000000	2118.000000	
74.000000 
1993.432940	1993.432940	
2118.000000	2118.000000	
75.000000 
1989.722889	1989.722889	
2118.000000	2118.000000	
76.000000 
1986.017197	1986.017197	
2118.000000	2118.000000	
77.000000 
1982.321242	1982.321242	
2118.000000	2118.000000	
78.000000 
1978.640358	1978.640358	
2118.000000	2118.000000	
79.000000 
1974.979810	1974.979810	
2118.000000	2118.000000	
80.000000 
1971.344770	1971.344770	
2118.000000	2118.000000	
81.000000 
1967.740296	1967.740296	
2118.000000	2118.000000	
82.000000 
1964.171307	1964.171307	
2118.000000	2118.000000	
83.000000 
1960.642567	1960.642567	
2118.000000	2118.000000	
84.000000 
1957.158658	1957.158658	
2118.000000	2118.000000	
85.000000 
1953.723972	1953.723972	
2118.000000	2118.000000	
86.000000 
1950.342686	1950.342686	
2118.000000	2118.000000	
87.000000 
1947.018750	1947.018750	
2118.000000	2118.000000	
88.000000 
1943.755878	1943.755878	
2118.000000	2118.000000	
89.000000 
1940.557531	1940.557531	
2118.000000	2118.000000	
90.000000 
1937.426909	1937.426909	
2118.000000	2118.000000	
91.000000 
1934.366947	1934.366947	
2118.000000	2118.000000	
92.000000 
1931.380304	1931.380304	
2118.000000	2118.000000	
93.000000 
1928.469362	1928.469362	
2118.000000	2118.000000	
94.000000 
1925.636225	1925.636225	
2118.000000	2118.000000	
95.000000 
1922.882714	1922.882714	
2118.000000	2118.000000	
96.000000 
1920.210371	1920.210371	
2118.000000	2118.000000	
97.000000 
1917.620462	1917.620462	
2118.000000	2118.000000	
98.000000 
1915.113981	1915.113981	
2118.000000	2118.000000	
99.000000 
1912.691653	1912.691653	
2118.000000	2118.000000	
100.000000 
1910.353943	1910.353943	
2118.000000	2118.000000	
101.000000 
1908.101065	1908.101065	
2118.000000	2118.000000	
102.000000 
1905.932987	1905.932987	
2118.000000	2118.000000	
103.000000 
1903.849446	1903.849446	
2118.000000	2118.000000	
104.000000 
1901.849954	1901.849954	
2118.000000	2118.000000	
105.000000 
1899.933814	1899.933814	
2118.000000	2118.000000	
106.000000 
1898.100129	1898.100129	
2118.000000	2118.000000	
107.000000 
1896.347816	1896.347816	
2118.000000	2118.000000	
108.000000 
1894.675618	1894.675618	
2118.000000	2118.000000	
109.000000 
1893.082119	1893.082119	
2118.000000	2118.000000	
110.000000 
1891.565756	1891.565756	
2118.000000	2118.000000	
111.000000 
1890.124833	1890.124833	
2118.000000	2118.000000	
112.000000 
1888.757536	1888.757536	
2118.000000	2118.000000	
113.000000 
1887.461946	1887.461946	
2118.000000	2118.000000	
114.000000 
1886.236047	1886.236047	
2118.000000	2118.000000	
115.000000 
1885.077750	1885.077750	
2118.000000	2118.000000	
116.000000 
1883.984895	1883.984895	
2118.000000	2118.000000	
117.000000 
1882.955270	1882.955270	
2118.000000	2118.000000	
118.000000 
1881.986618	1881.986618	
2118.000000	2118.000000	
119.000000 
1881.076654	1881.076654	
2118.000000	2118.000000	
120.000000 
1880.223072	1880.223072	
2118.000000	2118.000000	
121.000000 
1879.423555	1879.423555	
2118.000000	2118.000000	
122.000000 
1878.675788	1878.675788	
2118.000000	2118.000000	
123.000000 
1877.977463	1877.977463	
2118.000000	2118.000000	
124.000000 
1877.326292	1877.326292	
2118.000000	2118.000000	
125.000000 
1876.720008	1876.720008	
2118.000000	2118.000000	
126.000000 
1876.156382	1876.156382	
2118.000000	2118.000000	
127.000000 
1875.633220	1875.633220	
2118.000000	2118.000000	
128.000000 
1875.148373	1875.148373	
2118.000000	2118.000000	
129.000000 
1874.699745	1874.699745	
2118.000000	2118.000000	
130.000000 
1874.285291	1874.285291	
2118.000000	2118.000000	
131.000000 
1873.903026	1873.903026	
2118.000000	2118.000000	
132.000000 
1873.551027	1873.551027	
2118.000000	2118.000000	
133.000000 
1873.227438	1873.227438	
2118.000000	2118.000000	
134.000000 
1872.930465	1872.930465	
2118.000000	2118.000000	
135.000000 
1872.658387	1872.658387	
2118.000000	2118.000000	
136.000000 
1872.409553	1872.409553	
2118.000000	2118.000000	
137.000000 
1872.182379	1872.182379	
2118.000000	2118.000000	
138.000000 
1871.975358	1871.975358	
2118.000000	2118.000000	
139.000000 
1871.787050	1871.787050	
2118.000000	2118.000000	
140.000000 
1871.616087	1871.616087	
2118.000000	2118.000000	
141.000000 
1871.461173	1871.461173	
2118.000000	2118.000000	
142.000000 
1871.321079	1871.321079	
2118.000000	2118.000000	
143.000000 
1871.194646	1871.194646	
2118.000000	2118.000000	
144.000000 
1871.080780	1871.080780	
2118.000000	2118.000000	
145.000000 
1870.978454	1870.978454	
2118.000000	2118.000000	
146.000000 
1870.886701	1870.886701	
2118.000000	2118.000000	
147.000000 
1870.804619	1870.804619	
2118.000000	2118.000000	
148.000000 
1870.731361	1870.731361	
2118.000000	2118.000000	
149.000000 
1870.666141	1870.666141	
2118.000000	2118.000000	
150.000000 
1870.608222	1870.608222	
2118.000000	2118.000000	
151.000000 
1870.556925	1870.556925	
2118.000000	2118.000000	
152.000000 
1870.511616	1870.511616	
2118.000000	2118.000000	
153.000000 
1870.471712	1870.471712	
2118.000000	2118.000000	
154.000000 
1870.436671	1870.436671	
2118.000000	2118.000000	
155.000000 
1870.405996	1870.405996	
2118.000000	2118.000000	
156.000000 
1870.379231	1870.379231	
2118.000000	2118.000000	
157.000000 
1870.355955	1870.355955	
2118.000000	2118.000000	
158.000000 
1870.335784	1870.335784	
2118.000000	2118.000000	
159.000000 
1870.318367	1870.318367	
2118.000000	2118.000000	
160.000000 
1870.303385	1870.303385	
2118.000000	2118.000000	
161.000000 
1870.290547	1870.290547	
2118.000000	2118.000000	
162.000000 
1870.279590	1870.279590	
2118.000000	2118.000000	
163.000000 
1870.270275	1870.270275	
2118.000000	2118.000000	
164.000000 
1870.262386	1870.262386	
2118.000000	2118.000000	
165.000000 
1870.255731	1870.255731	
2118.000000	2118.000000	
166.000000 
1870.250135	1870.250135	
2118.000000	2118.000000	
167.000000 
1870.245442	1870.245442	
2118.000000	2118.000000	
168.000000 
1870.241515	1870.241515	
2118.000000	2118.000000	
169.000000 
1870.238229	1870.238229	
2118.000000	2118.000000	
170.000000 
1870.235476	1870.235476	
2118.000000	2118.000000	
171.000000 
1870.233158	1870.233158	
2118.000000	2118.000000	
172.000000 
1870.231191	1870.231191	
2118.000000	2118.000000	
173.000000 
1870.229500	1870.229500	
2118.000000	2118.000000	
174.000000 
1870.228021	1870.228021	
2118.000000	2118.000000	
175.000000 
1870.226697	1870.226697	
2118.000000	2118.000000	
176.000000 
1870.225480	1870.225480	
2118.000000	2118.000000	
177.000000 
1870.224329	1870.224329	
2118.000000	2118.000000	
178.000000 
1870.223208	1870.223208	
2118.000000	2118.000000	
179.000000 
1870.222088	1870.222088	
2118.000000	2118.000000	
180.000000 
1870.220945	1870.220945	
2118.000000	2118.000000	
181.000000 
1870.219757	1870.219757	
2118.000000	2118.000000	
182.000000 
1870.218508	1870.218508	
2118.000000	2118.000000	
183.000000 
1870.217186	1870.217186	
2118.000000	2118.000000	
184.000000 
1870.215780	1870.215780	
2118.000000	2118.000000	
185.000000 
1870.214283	1870.214283	
2118.000000	2118.000000	
186.000000 
1870.212690	1870.212690	
2118.000000	2118.000000	
187.000000 
1870.210997	1870.210997	
2118.000000	2118.000000	
188.000000 
1870.209202	1870.209202	
2118.000000	2118.000000	
189.000000 
1870.207306	1870.207306	
2118.000000	2118.000000	
190.000000 
1870.205309	1870.205309	
2118.000000	2118.000000	
191.000000 
1870.203213	1870.203213	
2118.000000	2118.000000	
192.000000 
1870.201022	1870.201022	
2118.000000	2118.000000	
193.000000 
1870.198737	1870.198737	
2118.000000	2118.000000	
194.000000 
1870.196364	1870.196364	
2118.000000	2118.000000	
195.000000 
1870.193905	1870.193905	
2118.000000	2118.000000	
196.000000 
1870.191367	1870.191367	
2118.000000	2118.000000	
197.000000 
1870.188753	1870.188753	
2118.000000	2118.000000	
198.000000 
1870.186069	1870.186069	
2118.000000	2118.000000	
199.000000 
1870.183318	1870.183318	
2118.000000	2118.000000	
200.000000 
1870.180507	1870.180507	
2118.000000	2118.000000	
201.000000 
1870.177640	1870.177640	
2118.000000	2118.000000	
202.000000 
1870.174722	1870.174722	
2118.000000	2118.000000	
203.000000 
1870.171757	1870.171757	
2118.000000	2118.000000	
204.000000 
1870.168749	1870.168749	
2118.000000	2118.000000	
205.000000 
1870.165704	1870.165704	
2118.000000	2118.000000	
206.000000 
1870.162625	1870.162625	
2118.000000	2118.000000	
207.000000 
1870.159515	1870.159515	
2118.000000	2118.000000	
208.000000 
1870.156379	1870.156379	
2118.000000	2118.000000	
209.000000 
1870.153221	1870.153221	
2118.000000	2118.000000	
210.000000 
1870.150042	1870.150042	
2118.000000	2118.000000	
211.000000 
1870.146847	1870.146847	
2118.000000	2118.000000	
212.000000 
1870.143638	1870.143638	
2118.000000	2118.000000	
213.000000 
1870.140417	1870.140417	
2118.000000	2118.000000	
214.000000 
1870.137187	1870.137187	
2118.000000	2118.000000	
215.000000 
1870.133950	1870.133950	
2118.000000	2118.000000	
216.000000 
1870.130708	1870.130708	
2118.000000	2118.000000	
217.000000 
1870.127463	1870.127463	
2118.000000	2118.000000	
218.000000 
1870.124215	1870.124215	
2118.000000	2118.000000	
219.000000 
1870.120967	1870.120967	
2118.000000	2118.000000	
220.000000 
1870.117720	1870.117720	
2118.000000	2118.000000	
221.000000 
1870.114474	1870.114474	
2118.000000	2118.000000	
222.000000 
1870.111231	1870.111231	
2118.000000	2118.000000	
223.000000 
1870.107991	1870.107991	
2118.000000	2118.000000	
224.000000 
1870.104754	1870.104754	
2118.000000	2118.000000	
225.000000 
1870.101521	1870.101521	
2118.000000	2118.000000	
226.000000 
1870.098292	1870.098292	
2118.000000	2118.000000	
227.000000 
1870.095067	1870.095067	
2118.000000	2118.000000	
228.000000 
1870.091847	1870.091847	
2118.000000	2118.000000	
229.000000 
1870.088630	1870.088630	
2118.000000	2118.000000	
230.000000 
1870.085418	1870.085418	
2118.000000	2118.000000	
231.000000 
1870.082209	1870.082209	
2118.000000	2118.000000	
232.000000 
1870.079002	1870.079002	
2118.000000	2118.000000	
233.000000 
1870.075798	1870.075798	
2118.000000	2118.000000	
234.000000 
1870.072596	1870.072596	
2118.000000	2118.000000	
235.000000 
1870.069395	1870.069395	
2118.000000	2118.000000	
236.000000 
1870.066193	1870.066193	
2118.000000	2118.000000	
237.000000 
1870.062991	1870.062991	
2118.000000	2118.000000	
238.000000 
1870.059788	1870.059788	
2118.000000	2118.000000	
239.000000 
1870.056581	1870.056581	
2118.000000	2118.000000	
240.000000 
1870.053370	1870.053370	
2118.000000	2118.000000	
241.000000 
1870.050154	1870.050154	
2118.000000	2118.000000	
242.000000 
1870.046931	1870.046931	
2118.000000	2118.000000	
243.000000 
1870.043701	1870.043701	
2118.000000	2118.000000	
244.000000 
1870.040461	1870.040461	
2118.000000	2118.000000	
245.000000 
1870.037209	1870.037209	
2118.000000	2118.000000	
246.000000 
1870.033946	1870.033946	
2118.000000	2118.000000	
247.000000 
1870.030668	1870.030668	
2118.000000	2118.000000	
248.000000 
1870.027374	1870.027374	
2118.000000	2118.000000	
249.000000 
1870.024062	1870.024062	
2118.000000	2118.000000	
250.000000 
1870.020730	1870.020730	
2118.000000	2118.000000	
251.000000 
1870.017376	1870.017376	
2118.000000	2118.000000	
252.000000 
1870.013999	1870.013999	
2118.000000	2118.000000	
253.000000 
1870.010595	1870.010595	
2118.000000	2118.000000	
254.000000 
1870.007163	1870.007163	
2118.000000	2118.000000	
255.000000 
1870.003700	1870.003700	
2118.000000	2118.000000	
256.000000 
1870.000204	1870.000204	
2118.000000	2118.000000	
257.000000 
1869.996673	1869.996673	
2118.000000	2118.000000	
258.000000 
1869.993103	1869.993103	
2118.000000	2118.000000	
259.000000 
1869.989491	1869.989491	
2118.000000	2118.000000	
260.000000 
1869.985836	1869.985836	
2118.000000	2118.000000	
261.000000 
1869.982133	1869.982133	
2118.000000	2118.000000	
262.000000 
1869.978380	1869.978380	
2118.000000	2118.000000	
263.000000 
1869.974573	1869.974573	
2118.000000	2118.000000	
264.000000 
1869.970709	1869.970709	
2118.000000	2118.000000	
265.000000 
1869.966784	1869.966784	
2118.000000	2118.000000	
266.000000 
1869.962795	1869.962795	
2118.000000	2118.000000	
267.000000 
1869.958737	1869.958737	
2118.000000	2118.000000	
268.000000 
1869.954607	1869.954607	
2118.000000	2118.000000	
269.000000 
1869.950399	1869.950399	
2118.000000	2118.000000	
270.000000 
1869.946109	1869.946109	
2118.000000	2118.000000	
271.000000 
1869.941734	1869.941734	
2118.000000	2118.000000	
272.000000 
1869.937266	1869.937266	
2118.000000	2118.000000	
273.000000 
1869.932702	1869.932702	
2118.000000	2118.000000	
274.000000 
1869.928035	1869.928035	
2118.000000	2118.000000	
275.000000 
1869.923260	1869.923260	
2118.000000	2118.000000	
276.000000 
1869.918371	1869.918371	
2118.000000	2118.000000	
277.000000 
1869.913361	1869.913361	
2118.000000	2118.000000	
278.000000 
1869.908222	1869.908222	
2118.000000	2118.000000	
279.000000 
1869.902949	1869.902949	
2118.000000	2118.000000	
280.000000 
1869.897533	1869.897533	
2118.000000	2118.000000	
281.000000 
1869.891967	1869.891967	
2118.000000	2118.000000	
282.000000 
1869.886241	1869.886241	
2118.000000	2118.000000	
283.000000 
1869.880347	1869.880347	
2118.000000	2118.000000	
284.000000 
1869.874275	1869.874275	
2118.000000	2118.000000	
285.000000 
1869.868016	1869.868016	
2118.000000	2118.000000	
286.000000 
1869.861558	1869.861558	
2118.000000	2118.000000	
287.000000 
1869.854891	1869.854891	
2118.000000	2118.000000	
288.000000 
1869.848002	1869.848002	
2118.000000	2118.000000	
289.000000 
1869.840880	1869.840880	
2118.000000	2118.000000	
290.000000 
1869.833510	1869.833510	
2118.000000	2118.000000	
291.000000 
1869.825878	1869.825878	
2118.000000	2118.000000	
292.000000 
1869.817970	1869.817970	
2118.000000	2118.000000	
293.000000 
1869.809770	1869.809770	
2118.000000	2118.000000	
294.000000 
1869.801260	1869.801260	
2118.000000	2118.000000	
295.000000 
1869.792423	1869.792423	
2118.000000	2118.000000	
296.000000 
1869.783240	1869.783240	
2118.000000	2118.000000	
297.000000 
1869.773690	1869.773690	
2118.000000	2118.000000	
298.000000 
1869.763753	1869.763753	
2118.000000	2118.000000	
299.000000 
1869.753405	1869.753405	
2118.000000	2118.000000	
300.000000 
1869.742621	1869.742621	
2118.000000	2118.000000	
301.000000 
1869.731377	1869.731377	
2118.000000	2118.000000	
302.000000 
1869.719645	1869.719645	
2118.000000	2118.000000	
303.000000 
1869.707395	1869.707395	
2118.000000	2118.000000	
304.000000 
1869.694596	1869.694596	
2118.000000	2118.000000	
305.000000 
1869.681216	1869.681216	
2118.000000	2118.000000	
306.000000 
1869.667219	1869.667219	
2118.000000	2118.000000	
307.000000 
1869.652568	1869.652568	
2118.000000	2118.000000	
308.000000 
1869.637222	1869.637222	
2118.000000	2118.000000	
309.000000 
1869.621140	1869.621140	
2118.000000	2118.000000	
310.000000 
1869.604275	1869.604275	
2118.000000	2118.000000	
311.000000 
1869.586580	1869.586580	
2118.000000	2118.000000	
312.000000 
1869.568003	1869.568003	
2118.000000	2118.000000	
313.000000 
1869.548490	1869.548490	
2118.000000	2118.000000	
314.000000 
1869.527981	1869.527981	
2118.000000	2118.000000	
315.000000 
1869.506415	1869.506415	
2118.000000	2118.000000	
316.000000 
1869.483726	1869.483726	
2118.000000	2118.000000	
317.000000 
1869.459842	1869.459842	
2118.000000	2118.000000	
318.000000 
1869.434688	1869.434688	
2118.000000	2118.000000	
319.000000 
1869.408183	1869.408183	
2118.000000	2118.000000	
320.000000 
1869.380242	1869.380242	
2118.000000	2118.000000	
321.000000 
1869.350774	1869.350774	
2118.000000	2118.000000	
322.000000 
1869.319681	1869.319681	
2118.000000	2118.000000	
323.000000 
1869.286858	1869.286858	
2118.000000	2118.000000	
324.000000 
1869.252196	1869.252196	
2118.000000	2118.000000	
325.000000 
1869.215576	1869.215576	
2118.000000	2118.000000	
326.000000 
1869.176873	1869.176873	
2118.000000	2118.000000	
327.000000 
1869.135951	1869.135951	
2118.000000	2118.000000	
328.000000 
1869.092669	1869.092669	
2118.000000	2118.000000	
329.000000 
1869.046873	1869.046873	
2118.000000	2118.000000	
330.000000 
1868.998403	1868.998403	
2118.000000	2118.000000	
331.000000 
1868.947083	1868.947083	
2118.000000	2118.000000	
332.000000 
1868.892732	1868.892732	
2118.000000	2118.000000	
333.000000 
1868.835152	1868.835152	
2118.000000	2118.000000	
334.000000 
1868.774135	1868.774135	
2118.000000	2118.000000	
335.000000 
1868.709460	1868.709460	
2118.000000	2118.000000	
336.000000 
1868.640888	1868.640888	
2118.000000	2118.000000	
337.000000 
1868.568171	1868.568171	
2118.000000	2118.000000	
338.000000 
1868.491039	1868.491039	
2118.000000	2118.000000	
339.000000 
1868.409209	1868.409209	
2118.000000	2118.000000	
340.000000 
1868.322380	1868.322380	
2118.000000	2118.000000	
341.000000 
1868.230230	1868.230230	
2118.000000	2118.000000	
342.000000 
1868.132419	1868.132419	
2118.000000	2118.000000	
343.000000 
1868.028586	1868.028586	
2118.000000	2118.000000	
344.000000 
1867.918347	1867.918347	
2118.000000	2118.000000	
345.000000 
1867.801296	1867.801296	
2118.000000	2118.000000	
346.000000 
1867.677002	1867.677002	
2118.000000	2118.000000	
347.000000 
1867.545008	1867.545008	
2118.000000	2118.000000	
348.000000 
1867.404832	1867.404832	
2118.000000	2118.000000	
349.000000 
1867.255961	1867.255961	
2118.000000	2118.000000	
350.000000 
1867.097856	1867.097856	
2118.000000	2118.000000	
351.000000 
1866.929944	1866.929944	
2118.000000	2118.000000	
352.000000 
1866.751623	1866.751623	
2118.000000	2118.000000	
353.000000 
1866.562255	1866.562255	
2118.000000	2118.000000	
354.000000 
1866.361168	1866.361168	
2118.000000	2118.000000	
355.000000 
1866.147655	1866.147655	
2118.000000	2118.000000	
356.000000 
1865.920970	1865.920970	
2118.000000	2118.000000	
357.000000 
1865.680329	1865.680329	
2118.000000	2118.000000	
358.000000 
1865.424908	1865.424908	
2118.000000	2118.000000	
359.000000 
1865.153841	1865.153841	
2118.000000	2118.000000	
360.000000 
1864.866220	1864.866220	
2118.000000	2118.000000	
361.000000 
1864.561092	1864.561092	
2118.000000	2118.000000	
362.000000 
1864.237462	1864.237462	
2118.000000	2118.000000	
363.000000 
1863.894286	1863.894286	
2118.000000	2118.000000	
364.000000 
1863.530474	1863.530474	
2118.000000	2118.000000	
365.000000 
1863.144891	1863.144891	
2118.000000	2118.000000	
366.000000 
1862.736351	1862.736351	
2118.000000	2118.000000	
367.000000 
1862.303622	1862.303622	
2118.000000	2118.000000	
368.000000 
1861.845420	1861.845420	
2118.000000	2118.000000	
369.000000 
1861.360416	1861.360416	
2118.000000	2118.000000	
370.000000 
1860.847230	1860.847230	
2118.000000	2118.000000	
371.000000 
1860.304435	1860.304435	
2118.000000	2118.000000	
372.000000 
1859.730556	1859.730556	
2118.000000	2118.000000	
373.000000 
1859.124071	1859.124071	
2118.000000	2118.000000	
374.000000 
1858.483415	1858.483415	
2118.000000	2118.000000	
375.000000 
1857.806977	1857.806977	
2118.000000	2118.000000	
376.000000 
1857.093107	1857.093107	
2118.000000	2118.000000	
377.000000 
1856.340114	1856.340114	
2118.000000	2118.000000	
378.000000 
1855.546273	1855.546273	
2118.000000	2118.000000	
379.000000 
1854.709825	1854.709825	
2118.000000	2118.000000	
380.000000 
1853.828982	1853.828982	
2118.000000	2118.000000	
381.000000 
1852.901932	1852.901932	
2118.000000	2118.000000	
382.000000 
1851.926843	1851.926843	
2118.000000	2118.000000	
383.000000 
1850.901869	1850.901869	
2118.000000	2118.000000	
384.000000 
1849.825154	1849.825154	
2118.000000	2118.000000	
385.000000 
1848.694841	1848.694841	
2118.000000	2118.000000	
386.000000 
1847.509076	1847.509076	
2118.000000	2118.000000	
387.000000 
1846.266017	1846.266017	
2118.000000	2118.000000	
388.000000 
1844.963844	1844.963844	
2118.000000	2118.000000	
389.000000 
1843.600762	1843.600762	
2118.000000	2118.000000	
390.000000 
1842.175016	1842.175016	
2118.000000	2118.000000	
391.000000 
1840.684896	1840.684896	
2118.000000	2118.000000	
392.000000 
1839.128749	1839.128749	
2118.000000	2118.000000	
393.000000 
1837.504988	1837.504988	
2118.000000	2118.000000	
394.000000 
1835.812105	1835.812105	
2118.000000	2118.000000	
395.000000 
1834.048678	1834.048678	
2118.000000	2118.000000	
396.000000 
1832.213386	1832.213386	
2118.000000	2118.000000	
397.000000 
1830.305019	1830.305019	
2118.000000	2118.000000	
398.000000 
1828.322488	1828.322488	
2118.000000	2118.000000	
399.000000 
1826.264838	1826.264838	
2118.000000	2118.000000	
400.000000 
1824.131259	1824.131259	
2118.000000	2118.000000	
401.000000 
1821.921097	1821.921097	
2118.000000	2118.000000	
402.000000 
1819.633866	1819.633866	
2118.000000	2118.000000	
403.000000 
1817.269256	1817.269256	
2118.000000	2118.000000	
404.000000 
1814.827146	1814.827146	
2118.000000	2118.000000	
405.000000 
1812.307612	1812.307612	
2118.000000	2118.000000	
406.000000 
1809.710937	1809.710937	
2118.000000	2118.000000	
407.000000 
1807.037617	1807.037617	
2118.000000	2118.000000	
408.000000 
1804.288369	1804.288369	
2118.000000	2118.000000	
409.000000 
1801.464140	1801.464140	
2118.000000	2118.000000	
410.000000 
1798.566107	1798.566107	
2118.000000	2118.000000	
411.000000 
1795.595683	1795.595683	
2118.000000	2118.000000	
412.000000 
1792.554523	1792.554523	
2118.000000	2118.000000	
413.000000 
1789.444520	1789.444520	
2118.000000	2118.000000	
414.000000 
1786.267806	1786.267806	
2118.000000	2118.000000	
415.000000 
1783.026753	1783.026753	
2118.000000	2118.000000	
416.000000 
1779.723967	1779.723967	
2118.000000	2118.000000	
417.000000 
1776.362287	1776.362287	
2118.000000	2118.000000	
418.000000 
1772.944772	1772.944772	
2118.000000	2118.000000	
419.000000 
1769.474700	1769.474700	
2118.000000	2118.000000	
420.000000 
1765.955557	1765.955557	
2118.000000	2118.000000	
421.000000 
1762.391024	1762.391024	
2118.000000	2118.000000	
422.000000 
1758.784968	1758.784968	
2118.000000	2118.000000	
423.000000 
1755.141426	1755.141426	
2118.000000	2118.000000	
424.000000 
1751.464592	1751.464592	
2118.000000	2118.000000	
425.000000 
1747.758800	1747.758800	
2118.000000	2118.000000	
426.000000 
1744.028510	1744.028510	
2118.000000	2118.000000	
427.000000 
1740.278287	1740.278287	
2118.000000	2118.000000	
428.000000 
1736.512784	1736.512784	
2118.000000	2118.000000	
429.000000 
1732.736723	1732.736723	
2118.000000	2118.000000	
430.000000 
1728.954875	1728.954875	
2118.000000	2118.000000	
431.000000 
1725.172041	1725.172041	
2118.000000	2118.000000	
432.000000 
1721.393032	1721.393032	
2118.000000	2118.000000	
433.000000 
1717.622648	1717.622648	
2118.000000	2118.000000	
434.000000 
1713.865657	1713.865657	
2118.000000	2118.000000	
435.000000 
1710.126780	1710.126780	
2118.000000	2118.000000	
436.000000 
1706.410666	1706.410666	
2118.000000	2118.000000	
437.000000 
1702.721878	1702.721878	
2118.000000	2118.000000	
438.000000 
1699.064873	1699.064873	
2118.000000	2118.000000	
439.000000 
1695.443986	1695.443986	
2118.000000	2118.000000	
440.000000 
1691.863411	1691.863411	
2118.000000	2118.000000	
441.000000 
1688.327192	1688.327192	
2118.000000	2118.000000	
442.000000 
1684.839202	1684.839202	
2118.000000	2118.000000	
443.000000 
1681.403135	1681.403135	
2118.000000	2118.000000	
444.000000 
1678.022493	1678.022493	
2118.000000	2118.000000	
445.000000 
1674.700576	1674.700576	
2118.000000	2118.000000	
446.000000 
1671.440471	1671.440471	
2118.000000	2118.000000	
447.000000 
1668.245049	1668.245049	
2118.000000	2118.000000	
448.000000 
1665.116956	1665.116956	
2118.000000	2118.000000	
449.000000 
1662.058606	1662.058606	
2118.000000	2118.000000	
450.000000 
1659.072184	1659.072184	
2118.000000	2118.000000	
451.000000 
1656.159636	1656.159636	
2118.000000	2118.000000	
452.000000 
1653.322675	1653.322675	
2118.000000	2118.000000	
453.000000 
1650.562777	1650.562777	
2118.000000	2118.000000	
454.000000 
1647.881185	1647.881185	
2118.000000	2118.000000	
455.000000 
1645.278909	1645.278909	
2118.000000	2118.000000	
456.000000 
1642.756733	1642.756733	
2118.000000	2118.000000	
457.000000 
1640.315218	1640.315218	
2118.000000	2118.000000	
458.000000 
1637.954709	1637.954709	
2118.000000	2118.000000	
459.000000 
1635.675338	1635.675338	
2118.000000	2118.000000	
460.000000 
1633.477037	1633.477037	
2118.000000	2118.000000	
461.000000 
1631.359541	1631.359541	
2118.000000	2118.000000	
462.000000 
1629.322399	1629.322399	
2118.000000	2118.000000	
463.000000 
1627.364983	1627.364983	
2118.000000	2118.000000	
464.000000 
1625.486497	1625.486497	
2118.000000	2118.000000	
465.000000 
1623.685986	1623.685986	
2118.000000	2118.000000	
466.000000 
1621.962351	1621.962351	
2118.000000	2118.000000	
467.000000 
1620.314353	1620.314353	
2118.000000	2118.000000	
468.000000 
1618.740628	1618.740628	
2118.000000	2118.000000	
469.000000 
1617.239695	1617.239695	
2118.000000	2118.000000	
470.000000 
1615.809971	1615.809971	
2118.000000	2118.000000	
471.000000 
1614.449775	1614.449775	
2118.000000	2118.000000	
472.000000 
1613.157346	1613.157346	
2118.000000	2118.000000	
473.000000 
1611.930848	1611.930848	
2118.000000	2118.000000	
474.000000 
1610.768383	1610.768383	
2118.000000	2118.000000	
475.000000 
1609.667997	1609.667997	
2118.000000	2118.000000	
476.000000 
1608.627698	1608.627698	
2118.000000	2118.000000	
477.000000 
1607.645454	1607.645454	
2118.000000	2118.000000	
478.000000 
1606.719213	1606.719213	
2118.000000	2118.000000	
479.000000 
1605.846903	1605.846903	
2118.000000	2118.000000	
480.000000 
1605.026445	1605.026445	
2118.000000	2118.000000	
481.000000 
1604.255760	1604.255760	
2118.000000	2118.000000	
482.000000 
1603.532774	1603.532774	
2118.000000	2118.000000	
483.000000 
1602.855427	1602.855427	
2118.000000	2118.000000	
484.000000 
1602.221679	1602.221679	
2118.000000	2118.000000	
485.000000 
1601.629515	1601.629515	
2118.000000	2118.000000	
486.000000 
1601.076951	1601.076951	
2118.000000	2118.000000	
487.000000 
1600.562038	1600.562038	
2118.000000	2118.000000	
488.000000 
1600.082868	1600.082868	
2118.000000	2118.000000	
489.000000 
1599.637576	1599.637576	
2118.000000	2118.000000	
490.000000 
1599.224346	1599.224346	
2118.000000	2118.000000	
491.000000 
1598.841411	1598.841411	
2118.000000	2118.000000	
492.000000 
1598.487056	1598.487056	
2118.000000	2118.000000	
493.000000 
1598.159622	1598.159622	
2118.000000	2118.000000	
494.000000 
1597.857510	1597.857510	
2118.000000	2118.000000	
495.000000 
1597.579173	1597.579173	
2118.000000	2118.000000	
496.000000 
1597.323129	1597.323129	
2118.000000	2118.000000	
497.000000 
1597.087952	1597.087952	
2118.000000	2118.000000	
498.000000 
1596.872279	1596.872279	
2118.000000	2118.000000	
499.000000 
1596.674806	1596.674806	
2118.000000	2118.000000	
500.000000 
1596.494288	1596.494288	
2118.000000	2118.000000	
501.000000 
1596.329542	1596.329542	
2118.000000	2118.000000	
502.000000 
1596.179444	1596.179444	
2118.000000	2118.000000	
503.000000 
1596.042924	1596.042924	
2118.000000	2118.000000	
504.000000 
1595.918974	1595.918974	
2118.000000	2118.000000	
505.000000 
1595.806640	1595.806640	
2118.000000	2118.000000	
506.000000 
1595.705020	1595.705020	
2118.000000	2118.000000	
507.000000 
1595.613267	1595.613267	
2118.000000	2118.000000	
508.000000 
1595.530586	1595.530586	
2118.000000	2118.000000	
509.000000 
1595.456229	1595.456229	
2118.000000	2118.000000	
510.000000 
1595.389496	1595.389496	
2118.000000	2118.000000	
511.000000 
1595.329736	1595.329736	
2118.000000	2118.000000	
512.000000 
1595.276337	1595.276337	
2118.000000	2118.000000	
513.000000 
1595.228732	1595.228732	
2118.000000	2118.000000	
514.000000 
1595.186395	1595.186395	
2118.000000	2118.000000	
515.000000 
1595.148834	1595.148834	
2118.000000	2118.000000	
516.000000 
1595.115597	1595.115597	
2118.000000	2118.000000	
517.000000 
1595.086266	1595.086266	
2118.000000	2118.000000	
518.000000 
1595.060453	1595.060453	
2118.000000	2118.000000	
519.000000 
1595.037802	1595.037802	
2118.000000	2118.000000	
520.000000 
1595.017988	1595.017988	
2118.000000	2118.000000	
521.000000 
1595.000709	1595.000709	
2118.000000	2118.000000	
522.000000 
1594.985691	1594.985691	
2118.000000	2118.000000	
523.000000 
1594.972683	1594.972683	
2118.000000	2118.000000	
524.000000 
1594.961456	1594.961456	
2118.000000	2118.000000	
525.000000 
1594.951803	1594.951803	
2118.000000	2118.000000	
526.000000 
1594.943535	1594.943535	
2118.000000	2118.000000	
527.000000 
1594.936480	1594.936480	
2118.000000	2118.000000	
528.000000 
1594.930484	1594.930484	
2118.000000	2118.000000	
529.000000 
1594.925407	1594.925407	
2118.000000	2118.000000	
530.000000 
1594.921126	1594.921126	
2118.000000	2118.000000	
531.000000 
1594.917526	1594.917526	
2118.000000	2118.000000	
532.000000 
1594.914508	1594.914508	
2118.000000	2118.000000	
533.000000 
1594.911983	1594.911983	
2118.000000	2118.000000	
534.000000 
1594.909871	1594.909871	
2118.000000	2118.000000	
535.000000 
1594.908101	1594.908101	
2118.000000	2118.000000	
536.000000 
1594.906612	1594.906612	
2118.000000	2118.000000	
537.000000 
1594.905348	1594.905348	
2118.000000	2118.000000	
538.000000 
1594.904262	1594.904262	
2118.000000	2118.000000	
539.000000 
1594.903312	1594.903312	
2118.000000	2118.000000	
540.000000 
1594.902462	1594.902462	
2118.000000	2118.000000	
541.000000 
1594.901681	1594.901681	
2118.000000	2118.000000	
542.000000 
1594.900943	1594.900943	
2118.000000	2118.000000	
543.000000 
1594.900225	1594.900225	
2118.000000	2118.000000	
544.000000 
1594.899507	1594.899507	
2118.000000	2118.000000	
545.000000 
1594.898774	1594.898774	
2118.000000	2118.000000	
546.000000 
1594.898013	1594.898013	
2118.000000	2118.000000	
547.000000 
1594.897214	1594.897214	
2118.000000	2118.000000	
548.000000 
1594.896367	1594.896367	
2118.000000	2118.000000	
549.000000 
1594.895467	1594.895467	
2118.000000	2118.000000	
550.000000 
1594.894509	1594.894509	
2118.000000	2118.000000	
551.000000 
1594.893490	1594.893490	
2118.000000	2118.000000	
552.000000 
1594.892407	1594.892407	
2118.000000	2118.000000	
553.000000 
1594.891259	1594.891259	
2118.000000	2118.000000	
554.000000 
1594.890046	1594.890046	
2118.000000	2118.000000	
555.000000 
1594.888770	1594.888770	
2118.000000	2118.000000	
556.000000 
1594.887430	1594.887430	
2118.000000	2118.000000	
557.000000 
1594.886030	1594.886030	
2118.000000	2118.000000	
558.000000 
1594.884571	1594.884571	
2118.000000	2118.000000	
559.000000 
1594.883056	1594.883056	
2118.000000	2118.000000	
560.000000 
1594.881487	1594.881487	
2118.000000	2118.000000	
561.000000 
1594.879868	1594.879868	
2118.000000	2118.000000	
562.000000 
1594.878202	1594.878202	
2118.000000	2118.000000	
563.000000 
1594.876492	1594.876492	
2118.000000	2118.000000	
564.000000 
1594.874742	1594.874742	
2118.000000	2118.000000	
565.000000 
1594.872954	1594.872954	
2118.000000	2118.000000	
566.000000 
1594.871132	1594.871132	
2118.000000	2118.000000	
567.000000 
1594.869278	1594.869278	
2118.000000	2118.000000	
568.000000 
1594.867397	1594.867397	
2118.000000	2118.000000	
569.000000 
1594.865491	1594.865491	
2118.000000	2118.000000	
570.000000 
1594.863563	1594.863563	
2118.000000	2118.000000	
571.000000 
1594.861616	1594.861616	
2118.000000	2118.000000	
572.000000 
1594.859652	1594.859652	
2118.000000	2118.000000	
573.000000 
1594.857674	1594.857674	
2118.000000	2118.000000	
574.000000 
1594.855684	1594.855684	
2118.000000	2118.000000	
575.000000 
1594.853685	1594.853685	
2118.000000	2118.000000	
576.000000 
1594.851678	1594.851678	
2118.000000	2118.000000	
577.000000 
1594.849666	1594.849666	
2118.000000	2118.000000	
578.000000 
1594.847650	1594.847650	
2118.000000	2118.000000	
579.000000 
1594.845632	1594.845632	
2118.000000	2118.000000	
580.000000 
1594.843613	1594.843613	
2118.000000	2118.000000	
581.000000 
1594.841595	1594.841595	
2118.000000	2118.000000	
582.000000 
1594.839580	1594.839580	
2118.000000	2118.000000	
583.000000 
1594.837567	1594.837567	
2118.000000	2118.000000	
584.000000 
1594.835559	1594.835559	
2118.000000	2118.000000	
585.000000 
1594.833555	1594.833555	
2118.000000	2118.000000	
586.000000 
1594.831558	1594.831558	
2118.000000	2118.000000	
587.000000 
1594.829567	1594.829567	
2118.000000	2118.000000	
588.000000 
1594.827584	1594.827584	
2118.000000	2118.000000	
589.000000 
1594.825608	1594.825608	
2118.000000	2118.000000	
590.000000 
1594.823640	1594.823640	
2118.000000	2118.000000	
591.000000 
1594.821681	1594.821681	
2118.000000	2118.000000	
592.000000 
1594.819730	1594.819730	
2118.000000	2118.000000	
593.000000 
1594.817788	1594.817788	
2118.000000	2118.000000	
594.000000 
1594.815855	1594.815855	
2118.000000	2118.000000	
595.000000 
1594.813932	1594.813932	
2118.000000	2118.000000	
596.000000 
1594.812017	1594.812017	
2118.000000	2118.000000	
597.000000 
1594.810111	1594.810111	
2118.000000	2118.000000	
598.000000 
1594.808213	1594.808213	
2118.000000	2118.000000	
599.000000 
1594.806324	1594.806324	
2118.000000	2118.000000	
600.000000 
1594.804444	1594.804444	
2118.000000	2118.000000	
601.000000 
1594.802571	1594.802571	
2118.000000	2118.000000	
602.000000 
1594.800706	1594.800706	
2118.000000	2118.000000	
603.000000 
1594.798849	1594.798849	
2118.000000	2118.000000	
604.000000 
1594.796998	1594.796998	
2118.000000	2118.000000	
605.000000 
1594.795153	1594.795153	
2118.000000	2118.000000	
606.000000 
1594.793315	1594.793315	
2118.000000	2118.000000	
607.000000 
1594.791482	1594.791482	
2118.000000	2118.000000	
608.000000 
1594.789654	1594.789654	
2118.000000	2118.000000	
609.000000 
1594.787830	1594.787830	
2118.000000	2118.000000	
610.000000 
1594.786010	1594.786010	
2118.000000	2118.000000	
611.000000 
1594.784193	1594.784193	
2118.000000	2118.000000	
612.000000 
1594.782379	1594.782379	
2118.000000	2118.000000	
613.000000 
1594.780566	1594.780566	
2118.000000	2118.000000	
614.000000 
1594.778754	1594.778754	
2118.000000	2118.000000	
615.000000 
1594.776942	1594.776942	
2118.000000	2118.000000	
616.000000 
1594.775130	1594.775130	
2118.000000	2118.000000	
617.000000 
1594.773317	1594.773317	
2118.000000	2118.000000	
618.000000 
1594.771502	1594.771502	
2118.000000	2118.000000	
619.000000 
1594.769683	1594.769683	
2118.000000	2118.000000	
620.000000 
1594.767861	1594.767861	
2118.000000	2118.000000	
621.000000 
1594.766035	1594.766035	
2118.000000	2118.000000	
622.000000 
1594.764202	1594.764202	
2118.000000	2118.000000	
623.000000 
1594.762364	1594.762364	
2118.000000	2118.000000	
624.000000 
1594.760517	1594.760517	
2118.000000	2118.000000	
625.000000 
1594.758663	1594.758663	
2118.000000	2118.000000	
626.000000 
1594.756798	1594.756798	
2118.000000	2118.000000	
627.000000 
1594.754924	1594.754924	
2118.000000	2118.000000	
628.000000 
1594.753037	1594.753037	
2118.000000	2118.000000	
629.000000 
1594.751138	1594.751138	
2118.000000	2118.000000	
630.000000 
1594.749225	1594.749225	
2118.000000	2118.000000	
631.000000 
1594.747297	1594.747297	
2118.000000	2118.000000	
632.000000 
1594.745353	1594.745353	
2118.000000	2118.000000	
633.000000 
1594.743391	1594.743391	
2118.000000	2118.000000	
634.000000 
1594.741410	1594.741410	
2118.000000	2118.000000	
635.000000 
1594.739409	1594.739409	
2118.000000	2118.000000	
636.000000 
1594.737386	1594.737386	
2118.000000	2118.000000	
637.000000 
1594.735340	1594.735340	
2118.000000	2118.000000	
638.000000 
1594.733270	1594.733270	
2118.000000	2118.000000	
639.000000 
1594.731173	1594.731173	
2118.000000	2118.000000	
640.000000 
1594.729049	1594.729049	
2118.000000	2118.000000	
641.000000 
1594.726895	1594.726895	
2118.000000	2118.000000	
642.000000 
1594.724711	1594.724711	
2118.000000	2118.000000	
643.000000 
1594.722493	1594.722493	
2118.000000	2118.000000	
644.000000 
1594.720241	1594.720241	
2118.000000	2118.000000	
645.000000 
1594.717952	1594.717952	
2118.000000	2118.000000	
646.000000 
1594.715624	1594.715624	
2118.000000	2118.000000	
647.000000 
1594.713256	1594.713256	
2118.000000	2118.000000	
648.000000 
1594.710844	1594.710844	
2118.000000	2118.000000	
649.000000 
1594.708388	1594.708388	
2118.000000	2118.000000	
650.000000 
1594.705884	1594.705884	
2118.000000	2118.000000	
651.000000 
1594.703329	1594.703329	
2118.000000	2118.000000	
652.000000 
1594.700722	1594.700722	
2118.000000	2118.000000	
653.000000 
1594.698060	1594.698060	
2118.000000	2118.000000	
654.000000 
1594.695340	1594.695340	
2118.000000	2118.000000	
655.000000 
1594.692559	1594.692559	
2118.000000	2118.000000	
656.000000 
1594.689713	1594.689713	
2118.000000	2118.000000	
657.000000 
1594.686801	1594.686801	
2118.000000	2118.000000	
658.000000 
1594.683818	1594.683818	
2118.000000	2118.000000	
659.000000 
1594.680761	1594.680761	
2118.000000	2118.000000	
660.000000 
1594.677626	1594.677626	
2118.000000	2118.000000	
661.000000 
1594.674409	1594.674409	
2118.000000	2118.000000	
662.000000 
1594.671108	1594.671108	
2118.000000	2118.000000	
663.000000 
1594.667716	1594.667716	
2118.000000	2118.000000	
664.000000 
1594.664231	1594.664231	
2118.000000	2118.000000	
665.000000 
1594.660646	1594.660646	
2118.000000	2118.000000	
666.000000 
1594.656959	1594.656959	
2118.000000	2118.000000	
667.000000 
1594.653163	1594.653163	
2118.000000	2118.000000	
668.000000 
1594.649254	1594.649254	
2118.000000	2118.000000	
669.000000 
1594.645225	1594.645225	
2118.000000	2118.000000	
670.000000 
1594.641071	1594.641071	
2118.000000	2118.000000	
671.000000 
1594.636786	1594.636786	
2118.000000	2118.000000	
672.000000 
1594.632364	1594.632364	
2118.000000	2118.000000	
673.000000 
1594.627798	1594.627798	
2118.000000	2118.000000	
674.000000 
1594.623081	1594.623081	
2118.000000	2118.000000	
675.000000 
1594.618205	1594.618205	
2118.000000	2118.000000	
676.000000 
1594.613164	1594.613164	
2118.000000	2118.000000	
677.000000 
1594.607948	1594.607948	
2118.000000	2118.000000	
678.000000 
1594.602550	1594.602550	
2118.000000	2118.000000	
679.000000 
1594.596960	1594.596960	
2118.000000	2118.000000	
680.000000 
1594.591170	1594.591170	
2118.000000	2118.000000	
681.000000 
1594.585169	1594.585169	
2118.000000	2118.000000	
682.000000 
1594.578948	1594.578948	
2118.000000	2118.000000	
683.000000 
1594.572495	1594.572495	
2118.000000	2118.000000	
684.000000 
1594.565800	1594.565800	
2118.000000	2118.000000	
685.000000 
1594.558850	1594.558850	
2118.000000	2118.000000	
686.000000 
1594.551634	1594.551634	
2118.000000	2118.000000	
687.000000 
1594.544138	1594.544138	
2118.000000	2118.000000	
688.000000 
1594.536348	1594.536348	
2118.000000	2118.000000	
689.000000 
1594.528252	1594.528252	
2118.000000	2118.000000	
690.000000 
1594.519832	1594.519832	
2118.000000	2118.000000	
691.000000 
1594.511075	1594.511075	
2118.000000	2118.000000	
692.000000 
1594.501964	1594.501964	
2118.000000	2118.000000	
693.000000 
1594.492481	1594.492481	
2118.000000	2118.000000	
694.000000 
1594.482609	1594.482609	
2118.000000	2118.000000	
695.000000 
1594.472329	1594.472329	
2118.000000	2118.000000	
696.000000 
1594.461621	1594.461621	
2118.000000	2118.000000	
697.000000 
1594.450465	1594.450465	
2118.000000	2118.000000	
698.000000 
1594.438839	1594.438839	
2118.000000	2118.000000	
699.000000 
1594.426722	1594.426722	
2118.000000	2118.000000	
700.000000 
1594.414089	1594.414089	
2118.000000	2118.000000	
701.000000 
1594.400916	1594.400916	
2118.000000	2118.000000	
702.000000 
1594.387178	1594.387178	
2118.000000	2118.000000	
703.000000 
1594.372848	1594.372848	
2118.000000	2118.000000	
704.000000 
1594.357898	1594.357898	
2118.000000	2118.000000	
705.000000 
1594.342300	1594.342300	
2118.000000	2118.000000	
706.000000 
1594.326022	1594.326022	
2118.000000	2118.000000	
707.000000 
1594.309034	1594.309034	
2118.000000	2118.000000	
708.000000 
1594.291303	1594.291303	
2118.000000	2118.000000	
709.000000 
1594.272796	1594.272796	
2118.000000	2118.000000	
710.000000 
1594.253475	1594.253475	
2118.000000	2118.000000	
711.000000 
1594.233306	1594.233306	
2118.000000	2118.000000	
712.000000 
1594.212249	1594.212249	
2118.000000	2118.000000	
713.000000 
1594.190265	1594.190265	
2118.000000	2118.000000	
714.000000 
1594.167313	1594.167313	
2118.000000	2118.000000	
715.000000 
1594.143351	1594.143351	
2118.000000	2118.000000	
716.000000 
1594.118334	1594.118334	
2118.000000	2118.000000	
717.000000 
1594.092217	1594.092217	
2118.000000	2118.000000	
718.000000 
1594.064952	1594.064952	
2118.000000	2118.000000	
719.000000 
1594.036492	1594.036492	
2118.000000	2118.000000	
720.000000 
1594.006785	1594.006785	
2118.000000	2118.000000	
721.000000 
1593.975781	1593.975781	
2118.000000	2118.000000	
722.000000 
1593.943425	1593.943425	
2118.000000	2118.000000	
723.000000 
1593.909664	1593.909664	
2118.000000	2118.000000	
724.000000 
1593.874440	1593.874440	
2118.000000	2118.000000	
725.000000 
1593.837697	1593.837697	
2118.000000	2118.000000	
726.000000 
1593.799374	1593.799374	
2118.000000	2118.000000	
727.000000 
1593.759412	1593.759412	
2118.000000	2118.000000	
728.000000 
1593.717748	1593.717748	
2118.000000	2118.000000	
729.000000 
1593.674319	1593.674319	
2118.000000	2118.000000	
730.000000 
1593.629060	1593.629060	
2118.000000	2118.000000	
731.000000 
1593.581907	1593.581907	
2118.000000	2118.000000	
732.000000 
1593.532791	1593.532791	
2118.000000	2118.000000	
733.000000 
1593.481646	1593.481646	
2118.000000	2118.000000	
734.000000 
1593.428402	1593.428402	
2118.000000	2118.000000	
735.000000 
1593.372991	1593.372991	
2118.000000	2118.000000	
736.000000 
1593.315342	1593.315342	
2118.000000	2118.000000	
737.000000 
1593.255386	1593.255386	
2118.000000	2118.000000	
738.000000 
1593.193050	1593.193050	
2118.000000	2118.000000	
739.000000 
1593.128265	1593.128265	
2118.000000	2118.000000	
740.000000 
1593.060959	1593.060959	
2118.000000	2118.000000	
741.000000 
1592.991061	1592.991061	
2118.000000	2118.000000	
742.000000 
1592.918502	1592.918502	
2118.000000	2118.000000	
743.000000 
1592.843212	1592.843212	
2118.000000	2118.000000	
744.000000 
1592.765122	1592.765122	
2118.000000	2118.000000	
745.000000 
1592.684164	1592.684164	
2118.000000	2118.000000	
746.000000 
1592.600272	1592.600272	
2118.000000	2118.000000	
747.000000 
1592.513381	1592.513381	
2118.000000	2118.000000	
748.000000 
1592.423429	1592.423429	
2118.000000	2118.000000	
749.000000 
1592.330356	1592.330356	
2118.000000	2118.000000	
750.000000 
1592.234102	1592.234102	
2118.000000	2118.000000	
751.000000 
1592.134614	1592.134614	
2118.000000	2118.000000	
752.000000 
1592.031839	1592.031839	
2118.000000	2118.000000	
753.000000 
1591.925728	1591.925728	
2118.000000	2118.000000	
754.000000 
1591.816236	1591.816236	
2118.000000	2118.000000	
755.000000 
1591.703324	1591.703324	
2118.000000	2118.000000	
756.000000 
1591.586954	1591.586954	
2118.000000	2118.000000	
757.000000 
1591.467095	1591.467095	
2118.000000	2118.000000	
758.000000 
1591.343721	1591.343721	
2118.000000	2118.000000	
759.000000 
1591.216811	1591.216811	
2118.000000	2118.000000	
760.000000 
1591.086349	1591.086349	
2118.000000	2118.000000	
761.000000 
1590.952328	1590.952328	
2118.000000	2118.000000	
762.000000 
1590.814744	1590.814744	
2118.000000	2118.000000	
763.000000 
1590.673601	1590.673601	
2118.000000	2118.000000	
764.000000 
1590.528910	1590.528910	
2118.000000	2118.000000	
765.000000 
1590.380690	1590.380690	
2118.000000	2118.000000	
766.000000 
1590.228968	1590.228968	
2118.000000	2118.000000	
767.000000 
1590.073775	1590.073775	
2118.000000	2118.000000	
768.000000 
1589.915155	1589.915155	
2118.000000	2118.000000	
769.000000 
1589.753156	1589.753156	
2118.000000	2118.000000	
770.000000 
1589.587838	1589.587838	
2118.000000	2118.000000	
771.000000 
1589.419266	1589.419266	
2118.000000	2118.000000	
772.000000 
1589.247517	1589.247517	
2118.000000	2118.000000	
773.000000 
1589.072672	1589.072672	
2118.000000	2118.000000	
774.000000 
1588.894826	1588.894826	
2118.000000	2118.000000	
775.000000 
1588.714079	1588.714079	
2118.000000	2118.000000	
776.000000 
1588.530540	1588.530540	
2118.000000	2118.000000	
777.000000 
1588.344328	1588.344328	
2118.000000	2118.000000	
778.000000 
1588.155569	1588.155569	
2118.000000	2118.000000	
779.000000 
1587.964398	1587.964398	
2118.000000	2118.000000	
780.000000 
1587.770958	1587.770958	
2118.000000	2118.000000	
781.000000 
1587.575399	1587.575399	
2118.000000	2118.000000	
782.000000 
1587.377880	1587.377880	
2118.000000	2118.000000	
783.000000 
1587.178564	1587.178564	
2118.000000	2118.000000	
784.000000 
1586.977625	1586.977625	
2118.000000	2118.000000	
785.000000 
1586.775240	1586.775240	
2118.000000	2118.000000	
786.000000 
1586.571594	1586.571594	
2118.000000	2118.000000	
787.000000 
1586.366875	1586.366875	
2118.000000	2118.000000	
788.000000 
1586.161279	1586.161279	
2118.000000	2118.000000	
789.000000 
1585.955004	1585.955004	
2118.000000	2118.000000	
790.000000 
1585.748252	1585.748252	
2118.000000	2118.000000	
791.000000 
1585.541229	1585.541229	
2118.000000	2118.000000	
792.000000 
1585.334144	1585.334144	
2118.000000	2118.000000	
793.000000 
1585.127206	1585.127206	
2118.000000	2118.000000	
794.000000 
1584.920625	1584.920625	
2118.000000	2118.000000	
795.000000 
1584.714615	1584.714615	
2118.000000	2118.000000	
796.000000 
1584.509385	1584.509385	
2118.000000	2118.000000	
797.000000 
1584.305146	1584.305146	
2118.000000	2118.000000	
798.000000 
1584.102108	1584.102108	
2118.000000	2118.000000	
799.000000 
1583.900476	1583.900476	
2118.000000	2118.000000	
800.000000 
1583.700453	1583.700453	
2118.000000	2118.000000	
801.000000 
1583.502240	1583.502240	
2118.000000	2118.000000	
802.000000 
1583.306031	1583.306031	
2118.000000	2118.000000	
803.000000 
1583.112016	1583.112016	
2118.000000	2118.000000	
804.000000 
1582.920380	1582.920380	
2118.000000	2118.000000	
805.000000 
1582.731302	1582.731302	
2118.000000	2118.000000	
806.000000 
1582.544951	1582.544951	
2118.000000	2118.000000	
807.000000 
1582.361493	1582.361493	
2118.000000	2118.000000	
808.000000 
1582.181083	1582.181083	
2118.000000	2118.000000	
809.000000 
1582.003869	1582.003869	
2118.000000	2118.000000	
810.000000 
1581.829989	1581.829989	
2118.000000	2118.000000	
811.000000 
1581.659574	1581.659574	
2118.000000	2118.000000	
812.000000 
1581.492744	1581.492744	
2118.000000	2118.000000	
813.000000 
1581.329608	1581.329608	
2118.000000	2118.000000	
814.000000 
1581.170268	1581.170268	
2118.000000	2118.000000	
815.000000 
1581.014814	1581.014814	
2118.000000	2118.000000	
816.000000 
1580.863325	1580.863325	
2118.000000	2118.000000	
817.000000 
1580.715872	1580.715872	
2118.000000	2118.000000	
818.000000 
1580.572513	1580.572513	
2118.000000	2118.000000	
819.000000 
1580.433297	1580.433297	
2118.000000	2118.000000	
820.000000 
1580.298263	1580.298263	
2118.000000	2118.000000	
821.000000 
1580.167439	1580.167439	
2118.000000	2118.000000	
822.000000 
1580.040843	1580.040843	
2118.000000	2118.000000	
823.000000 
1579.918482	1579.918482	
2118.000000	2118.000000	
824.000000 
1579.800357	1579.800357	
2118.000000	2118.000000	
825.000000 
1579.686456	1579.686456	
2118.000000	2118.000000	
826.000000 
1579.576759	1579.576759	
2118.000000	2118.000000	
827.000000 
1579.471237	1579.471237	
2118.000000	2118.000000	
828.000000 
1579.369855	1579.369855	
2118.000000	2118.000000	
829.000000 
1579.272567	1579.272567	
2118.000000	2118.000000	
830.000000 
1579.179321	1579.179321	
2118.000000	2118.000000	
831.000000 
1579.090058	1579.090058	
2118.000000	2118.000000	
832.000000 
1579.004711	1579.004711	
2118.000000	2118.000000	
833.000000 
1578.923210	1578.923210	
2118.000000	2118.000000	
834.000000 
1578.845477	1578.845477	
2118.000000	2118.000000	
835.000000 
1578.771429	1578.771429	
2118.000000	2118.000000	
836.000000 
1578.700978	1578.700978	
2118.000000	2118.000000	
837.000000 
1578.634034	1578.634034	
2118.000000	2118.000000	
838.000000 
1578.570501	1578.570501	
2118.000000	2118.000000	
839.000000 
1578.510281	1578.510281	
2118.000000	2118.000000	
840.000000 
1578.453274	1578.453274	
2118.000000	2118.000000	
841.000000 
1578.399377	1578.399377	
2118.000000	2118.000000	
842.000000 
1578.348484	1578.348484	
2118.000000	2118.000000	
843.000000 
1578.300490	1578.300490	
2118.000000	2118.000000	
844.000000 
1578.255288	1578.255288	
2118.000000	2118.000000	
845.000000 
1578.212771	1578.212771	
2118.000000	2118.000000	
846.000000 
1578.172831	1578.172831	
2118.000000	2118.000000	
847.000000 
1578.135361	1578.135361	
2118.000000	2118.000000	
848.000000 
1578.100255	1578.100255	
2118.000000	2118.000000	
849.000000 
1578.067408	1578.067408	
2118.000000	2118.000000	
850.000000 
1578.036715	1578.036715	
2118.000000	2118.000000	
851.000000 
1578.008074	1578.008074	
2118.000000	2118.000000	
852.000000 
1577.981384	1577.981384	
2118.000000	2118.000000	
853.000000 
1577.956546	1577.956546	
2118.000000	2118.000000	
854.000000 
1577.933464	1577.933464	
2118.000000	2118.000000	
855.000000 
1577.912044	1577.912044	
2118.000000	2118.000000	
856.000000 
1577.892195	1577.892195	
2118.000000	2118.000000	
857.000000 
1577.873827	1577.873827	
2118.000000	2118.000000	
858.000000 
1577.856854	1577.856854	
2118.000000	2118.000000	
859.000000 
1577.841194	1577.841194	
2118.000000	2118.000000	
860.000000 
1577.826767	1577.826767	
2118.000000	2118.000000	
861.000000 
1577.813495	1577.813495	
2118.000000	2118.000000	
862.000000 
1577.801306	1577.801306	
2118.000000	2118.000000	
863.000000 
1577.790127	1577.790127	
2118.000000	2118.000000	
864.000000 
1577.779892	1577.779892	
2118.000000	2118.000000	
865.000000 
1577.770536	1577.770536	
2118.000000	2118.000000	
866.000000 
1577.761998	1577.761998	
2118.000000	2118.000000	
867.000000 
1577.754219	1577.754219	
2118.000000	2118.000000	
868.000000 
1577.747144	1577.747144	
2118.000000	2118.000000	
869.000000 
1577.740721	1577.740721	
2118.000000	2118.000000	
870.000000 
1577.734900	1577.734900	
2118.000000	2118.000000	
871.000000 
1577.729634	1577.729634	
2118.000000	2118.000000	
872.000000 
1577.724879	1577.724879	
2118.000000	2118.000000	
873.000000 
1577.720595	1577.720595	
2118.000000	2118.000000	
874.000000 
1577.716742	1577.716742	
2118.000000	2118.000000	
875.000000 
1577.713284	1577.713284	
2118.000000	2118.000000	
876.000000 
1577.710188	1577.710188	
2118.000000	2118.000000	
877.000000 
1577.707421	1577.707421	
2118.000000	2118.000000	
878.000000 
1577.704955	1577.704955	
2118.000000	2118.000000	
879.000000 
1577.702761	1577.702761	
2118.000000	2118.000000	
880.000000 
1577.700815	1577.700815	
2118.000000	2118.000000	
881.000000 
1577.699093	1577.699093	
2118.000000	2118.000000	
882.000000 
1577.697574	1577.697574	
2118.000000	2118.000000	
883.000000 
1577.696237	1577.696237	
2118.000000	2118.000000	
884.000000 
1577.695063	1577.695063	
2118.000000	2118.000000	
885.000000 
1577.694036	1577.694036	
2118.000000	2118.000000	
886.000000 
1577.693141	1577.693141	
2118.000000	2118.000000	
887.000000 
1577.692363	1577.692363	
2118.000000	2118.000000	
888.000000 
1577.691689	1577.691689	
2118.000000	2118.000000	
889.000000 
1577.691108	1577.691108	
2118.000000	2118.000000	
890.000000 
1577.690607	1577.690607	
2118.000000	2118.000000	
891.000000 
1577.690179	1577.690179	
2118.000000	2118.000000	
892.000000 
1577.689814	1577.689814	
2118.000000	2118.000000	
893.000000 
1577.689503	1577.689503	
2118.000000	2118.000000	
894.000000 
1577.689240	1577.689240	
2118.000000	2118.000000	
895.000000 
1577.689018	1577.689018	
2118.000000	2118.000000	
896.000000 
1577.688831	1577.688831	
2118.000000	2118.000000	
897.000000 
1577.688675	1577.688675	
2118.000000	2118.000000	
898.000000 
1577.688544	1577.688544	
2118.000000	2118.000000	
899.000000 
1577.688435	1577.688435	
2118.000000	2118.000000	
900.000000 
1577.688343	1577.688343	
2118.000000	2118.000000	
901.000000 
1577.688266	1577.688266	
2118.000000	2118.000000	
902.000000 
1577.688200	1577.688200	
2118.000000	2118.000000	
903.000000 
1577.688144	1577.688144	
2118.000000	2118.000000	
904.000000 
1577.688095	1577.688095	
2118.000000	2118.000000	
905.000000 
1577.688051	1577.688051	
2118.000000	2118.000000	
906.000000 
1577.688011	1577.688011	
2118.000000	2118.000000	
907.000000 
1577.687972	1577.687972	
2118.000000	2118.000000	
908.000000 
1577.687935	1577.687935	
2118.000000	2118.000000	
909.000000 
1577.687898	1577.687898	
2118.000000	2118.000000	
910.000000 
1577.687860	1577.687860	
2118.000000	2118.000000	
911.000000 
1577.687821	1577.687821	
2118.000000	2118.000000	
912.000000 
1577.687780	1577.687780	
2118.000000	2118.000000	
913.000000 
1577.687736	1577.687736	
2118.000000	2118.000000	
914.000000 
1577.687689	1577.687689	
2118.000000	2118.000000	
915.000000 
1577.687640	1577.687640	
2118.000000	2118.000000	
916.000000 
1577.687587	1577.687587	
2118.000000	2118.000000	
917.000000 
1577.687531	1577.687531	
2118.000000	2118.000000	
918.000000 
1577.687472	1577.687472	
2118.000000	2118.000000	
919.000000 
1577.687409	1577.687409	
2118.000000	2118.000000	
920.000000 
1577.687343	1577.687343	
2118.000000	2118.000000	
921.000000 
1577.687274	1577.687274	
2118.000000	2118.000000	
922.000000 
1577.687202	1577.687202	
2118.000000	2118.000000	
923.000000 
1577.687126	1577.687126	
2118.000000	2118.000000	
924.000000 
1577.687048	1577.687048	
2118.000000	2118.000000	
925.000000 
1577.686967	1577.686967	
2118.000000	2118.000000	
926.000000 
1577.686883	1577.686883	
2118.000000	2118.000000	
927.000000 
1577.686797	1577.686797	
2118.000000	2118.000000	
928.000000 
1577.686709	1577.686709	
2118.000000	2118.000000	
929.000000 
1577.686618	1577.686618	
2118.000000	2118.000000	
930.000000 
1577.686526	1577.686526	
2118.000000	2118.000000	
931.000000 
1577.686432	1577.686432	
2118.000000	2118.000000	
932.000000 
1577.686336	1577.686336	
2118.000000	2118.000000	
933.000000 
1577.686239	1577.686239	
2118.000000	2118.000000	
934.000000 
1577.686140	1577.686140	
2118.000000	2118.000000	
935.000000 
1577.686040	1577.686040	
2118.000000	2118.000000	
936.000000 
1577.685940	1577.685940	
2118.000000	2118.000000	
937.000000 
1577.685838	1577.685838	
2118.000000	2118.000000	
938.000000 
1577.685736	1577.685736	
2118.000000	2118.000000	
939.000000 
1577.685633	1577.685633	
2118.000000	2118.000000	
940.000000 
1577.685530	1577.685530	
2118.000000	2118.000000	
941.000000 
1577.685426	1577.685426	
2118.000000	2118.000000	
942.000000 
1577.685323	1577.685323	
2118.000000	2118.000000	
943.000000 
1577.685218	1577.685218	
2118.000000	2118.000000	
944.000000 
1577.685114	1577.685114	
2118.000000	2118.000000	
945.000000 
1577.685010	1577.685010	
2118.000000	2118.000000	
946.000000 
1577.684906	1577.684906	
2118.000000	2118.000000	
947.000000 
1577.684802	1577.684802	
2118.000000	2118.000000	
948.000000 
1577.684698	1577.684698	
2118.000000	2118.000000	
949.000000 
1577.684594	1577.684594	
2118.000000	2118.000000	
