1
0.000000 
1.000000	1.000000	
1.000000	1.000000	
1.000000 
1.077874	1.077874	
1.000000	1.000000	
2.000000 
1.161627	1.161627	
1.000000	1.000000	
3.000000 
1.251665	1.251665	
1.000000	1.000000	
4.000000 
1.348413	1.348413	
1.000000	1.000000	
5.000000 
1.452322	1.452322	
1.000000	1.000000	
6.000000 
1.563863	1.563863	
1.000000	1.000000	
7.000000 
1.683534	1.683534	
1.000000	1.000000	
8.000000 
1.811856	1.811856	
1.000000	1.000000	
9.000000 
1.949374	1.949374	
1.000000	1.000000	
10.000000 
2.096660	2.096660	
1.000000	1.000000	
11.000000 
2.254309	2.254309	
1.000000	1.000000	
12.000000 
2.422939	2.422939	
1.000000	1.000000	
13.000000 
2.603195	2.603195	
1.000000	1.000000	
14.000000 
2.795743	2.795743	
1.000000	1.000000	
15.000000 
3.001275	3.001275	
1.000000	1.000000	
16.000000 
3.220501	3.220501	
1.000000	1.000000	
17.000000 
3.454155	3.454155	
1.000000	1.000000	
18.000000 
3.702987	3.702987	
1.000000	1.000000	
19.000000 
3.967768	3.967768	
1.000000	1.000000	
20.000000 
4.249279	4.249279	
1.000000	1.000000	
21.000000 
4.548319	4.548319	
1.000000	1.000000	
22.000000 
4.865692	4.865692	
1.000000	1.000000	
23.000000 
5.202213	5.202213	
1.000000	1.000000	
24.000000 
5.558697	5.558697	
1.000000	1.000000	
25.000000 
5.935959	5.935959	
1.000000	1.000000	
26.000000 
6.334809	6.334809	
1.000000	1.000000	
27.000000 
6.756047	6.756047	
1.000000	1.000000	
28.000000 
7.200458	7.200458	
1.000000	1.000000	
29.000000 
7.668807	7.668807	
1.000000	1.000000	
30.000000 
8.161831	8.161831	
1.000000	1.000000	
31.000000 
8.680234	8.680234	
1.000000	1.000000	
32.000000 
9.224683	9.224683	
1.000000	1.000000	
33.000000 
9.795794	9.795794	
1.000000	1.000000	
34.000000 
10.394133	10.394133	
1.000000	1.000000	
35.000000 
11.020203	11.020203	
1.000000	1.000000	
36.000000 
11.674436	11.674436	
1.000000	1.000000	
37.000000 
12.357188	12.357188	
1.000000	1.000000	
38.000000 
13.068729	13.068729	
1.000000	1.000000	
39.000000 
13.809236	13.809236	
1.000000	1.000000	
40.000000 
14.578782	14.578782	
1.000000	1.000000	
41.000000 
15.377330	15.377330	
1.000000	1.000000	
42.000000 
16.204727	16.204727	
1.000000	1.000000	
43.000000 
17.060693	17.060693	
1.000000	1.000000	
44.000000 
17.944815	17.944815	
1.000000	1.000000	
45.000000 
18.856539	18.856539	
1.000000	1.000000	
46.000000 
19.795168	19.795168	
1.000000	1.000000	
47.000000 
20.759852	20.759852	
1.000000	1.000000	
48.000000 
21.749583	21.749583	
1.000000	1.000000	
49.000000 
22.763195	22.763195	
1.000000	1.000000	
50.000000 
23.799360	23.799360	
1.000000	1.000000	
51.000000 
24.856582	24.856582	
1.000000	1.000000	
52.000000 
25.933201	25.933201	
1.000000	1.000000	
53.000000 
27.027395	27.027395	
1.000000	1.000000	
54.000000 
28.137173	28.137173	
1.000000	1.000000	
55.000000 
29.260390	29.260390	
1.000000	1.000000	
56.000000 
30.394743	30.394743	
1.000000	1.000000	
57.000000 
31.537780	31.537780	
1.000000	1.000000	
58.000000 
32.686909	32.686909	
1.000000	1.000000	
59.000000 
33.839404	33.839404	
1.000000	1.000000	
60.000000 
34.992418	34.992418	
1.000000	1.000000	
61.000000 
36.142994	36.142994	
1.000000	1.000000	
62.000000 
37.288077	37.288077	
1.000000	1.000000	
63.000000 
38.424529	38.424529	
1.000000	1.000000	
64.000000 
39.549144	39.549144	
1.000000	1.000000	
65.000000 
40.658668	40.658668	
1.000000	1.000000	
66.000000 
41.749809	41.749809	
1.000000	1.000000	
67.000000 
42.819263	42.819263	
1.000000	1.000000	
68.000000 
43.863727	43.863727	
1.000000	1.000000	
69.000000 
44.879920	44.879920	
1.000000	1.000000	
70.000000 
45.864605	45.864605	
1.000000	1.000000	
71.000000 
46.814601	46.814601	
1.000000	1.000000	
72.000000 
47.726812	47.726812	
1.000000	1.000000	
73.000000 
48.598238	48.598238	
1.000000	1.000000	
74.000000 
49.425995	49.425995	
1.000000	1.000000	
75.000000 
50.207336	50.207336	
1.000000	1.000000	
76.000000 
50.939667	50.939667	
1.000000	1.000000	
77.000000 
51.620557	51.620557	
1.000000	1.000000	
78.000000 
52.247761	52.247761	
1.000000	1.000000	
79.000000 
52.819228	52.819228	
1.000000	1.000000	
80.000000 
53.333115	53.333115	
1.000000	1.000000	
81.000000 
53.787797	53.787797	
1.000000	1.000000	
82.000000 
54.181875	54.181875	
1.000000	1.000000	
83.000000 
54.514184	54.514184	
1.000000	1.000000	
84.000000 
54.783799	54.783799	
1.000000	1.000000	
85.000000 
54.990039	54.990039	
1.000000	1.000000	
86.000000 
55.132466	55.132466	
1.000000	1.000000	
87.000000 
55.210889	55.210889	
1.000000	1.000000	
88.000000 
55.225360	55.225360	
1.000000	1.000000	
89.000000 
55.176174	55.176174	
1.000000	1.000000	
90.000000 
55.063861	55.063861	
1.000000	1.000000	
91.000000 
54.889181	54.889181	
1.000000	1.000000	
92.000000 
54.653117	54.653117	
1.000000	1.000000	
93.000000 
54.356866	54.356866	
1.000000	1.000000	
94.000000 
54.001830	54.001830	
1.000000	1.000000	
95.000000 
53.589603	53.589603	
1.000000	1.000000	
96.000000 
53.121959	53.121959	
1.000000	1.000000	
97.000000 
52.600841	52.600841	
1.000000	1.000000	
98.000000 
52.028345	52.028345	
1.000000	1.000000	
99.000000 
51.406709	51.406709	
1.000000	1.000000	
100.000000 
50.738293	50.738293	
1.000000	1.000000	
101.000000 
50.025572	50.025572	
1.000000	1.000000	
102.000000 
49.271113	49.271113	
1.000000	1.000000	
103.000000 
48.477564	48.477564	
1.000000	1.000000	
104.000000 
47.647639	47.647639	
1.000000	1.000000	
105.000000 
46.784102	46.784102	
1.000000	1.000000	
106.000000 
45.889750	45.889750	
1.000000	1.000000	
107.000000 
44.967404	44.967404	
1.000000	1.000000	
108.000000 
44.019890	44.019890	
1.000000	1.000000	
109.000000 
43.050031	43.050031	
1.000000	1.000000	
110.000000 
42.060626	42.060626	
1.000000	1.000000	
111.000000 
41.054446	41.054446	
1.000000	1.000000	
112.000000 
40.034220	40.034220	
1.000000	1.000000	
113.000000 
39.002620	39.002620	
1.000000	1.000000	
114.000000 
37.962259	37.962259	
1.000000	1.000000	
115.000000 
36.915674	36.915674	
1.000000	1.000000	
116.000000 
35.865325	35.865325	
1.000000	1.000000	
117.000000 
34.813580	34.813580	
1.000000	1.000000	
118.000000 
33.762716	33.762716	
1.000000	1.000000	
119.000000 
32.714907	32.714907	
1.000000	1.000000	
120.000000 
31.672225	31.672225	
1.000000	1.000000	
121.000000 
30.636629	30.636629	
1.000000	1.000000	
122.000000 
29.609969	29.609969	
1.000000	1.000000	
123.000000 
28.593978	28.593978	
1.000000	1.000000	
124.000000 
27.590275	27.590275	
1.000000	1.000000	
125.000000 
26.600361	26.600361	
1.000000	1.000000	
126.000000 
25.625617	25.625617	
1.000000	1.000000	
127.000000 
24.667309	24.667309	
1.000000	1.000000	
128.000000 
23.726588	23.726588	
1.000000	1.000000	
129.000000 
22.804489	22.804489	
1.000000	1.000000	
130.000000 
21.901933	21.901933	
1.000000	1.000000	
131.000000 
21.019735	21.019735	
1.000000	1.000000	
132.000000 
20.158599	20.158599	
1.000000	1.000000	
133.000000 
19.319128	19.319128	
1.000000	1.000000	
134.000000 
18.501826	18.501826	
1.000000	1.000000	
135.000000 
17.707098	17.707098	
1.000000	1.000000	
136.000000 
16.935260	16.935260	
1.000000	1.000000	
137.000000 
16.186540	16.186540	
1.000000	1.000000	
138.000000 
15.461085	15.461085	
1.000000	1.000000	
139.000000 
14.758961	14.758961	
1.000000	1.000000	
140.000000 
14.080164	14.080164	
1.000000	1.000000	
141.000000 
13.424620	13.424620	
1.000000	1.000000	
142.000000 
12.792193	12.792193	
1.000000	1.000000	
143.000000 
12.182688	12.182688	
1.000000	1.000000	
144.000000 
11.595856	11.595856	
1.000000	1.000000	
145.000000 
11.031400	11.031400	
1.000000	1.000000	
146.000000 
10.488977	10.488977	
1.000000	1.000000	
147.000000 
9.968205	9.968205	
1.000000	1.000000	
148.000000 
9.468668	9.468668	
1.000000	1.000000	
149.000000 
8.989916	8.989916	
1.000000	1.000000	
150.000000 
8.531473	8.531473	
1.000000	1.000000	
151.000000 
8.092840	8.092840	
1.000000	1.000000	
152.000000 
7.673498	7.673498	
1.000000	1.000000	
153.000000 
7.272910	7.272910	
1.000000	1.000000	
154.000000 
6.890529	6.890529	
1.000000	1.000000	
155.000000 
6.525797	6.525797	
1.000000	1.000000	
156.000000 
6.178147	6.178147	
1.000000	1.000000	
157.000000 
5.847009	5.847009	
1.000000	1.000000	
158.000000 
5.531813	5.531813	
1.000000	1.000000	
159.000000 
5.231985	5.231985	
1.000000	1.000000	
160.000000 
4.946959	4.946959	
1.000000	1.000000	
161.000000 
4.676168	4.676168	
1.000000	1.000000	
162.000000 
4.419053	4.419053	
1.000000	1.000000	
163.000000 
4.175065	4.175065	
1.000000	1.000000	
164.000000 
3.943660	3.943660	
1.000000	1.000000	
165.000000 
3.724307	3.724307	
1.000000	1.000000	
166.000000 
3.516484	3.516484	
1.000000	1.000000	
167.000000 
3.319683	3.319683	
1.000000	1.000000	
168.000000 
3.133407	3.133407	
1.000000	1.000000	
169.000000 
2.957174	2.957174	
1.000000	1.000000	
170.000000 
2.790515	2.790515	
1.000000	1.000000	
171.000000 
2.632975	2.632975	
1.000000	1.000000	
172.000000 
2.484116	2.484116	
1.000000	1.000000	
173.000000 
2.343512	2.343512	
1.000000	1.000000	
174.000000 
2.210754	2.210754	
1.000000	1.000000	
175.000000 
2.085448	2.085448	
1.000000	1.000000	
176.000000 
1.967212	1.967212	
1.000000	1.000000	
177.000000 
1.855684	1.855684	
1.000000	1.000000	
178.000000 
1.750512	1.750512	
1.000000	1.000000	
179.000000 
1.651362	1.651362	
1.000000	1.000000	
180.000000 
1.557914	1.557914	
1.000000	1.000000	
181.000000 
1.469859	1.469859	
1.000000	1.000000	
182.000000 
1.386906	1.386906	
1.000000	1.000000	
183.000000 
1.308775	1.308775	
1.000000	1.000000	
184.000000 
1.235199	1.235199	
1.000000	1.000000	
185.000000 
1.165925	1.165925	
1.000000	1.000000	
186.000000 
1.100712	1.100712	
1.000000	1.000000	
187.000000 
1.039330	1.039330	
1.000000	1.000000	
188.000000 
0.981562	0.981562	
1.000000	1.000000	
189.000000 
0.927201	0.927201	
1.000000	1.000000	
190.000000 
0.876051	0.876051	
1.000000	1.000000	
191.000000 
0.827926	0.827926	
1.000000	1.000000	
192.000000 
0.782651	0.782651	
1.000000	1.000000	
193.000000 
0.740058	0.740058	
1.000000	1.000000	
194.000000 
0.699991	0.699991	
1.000000	1.000000	
195.000000 
0.662300	0.662300	
1.000000	1.000000	
196.000000 
0.626846	0.626846	
1.000000	1.000000	
197.000000 
0.593496	0.593496	
1.000000	1.000000	
198.000000 
0.562124	0.562124	
1.000000	1.000000	
199.000000 
0.532613	0.532613	
1.000000	1.000000	
200.000000 
0.504850	0.504850	
1.000000	1.000000	
201.000000 
0.478732	0.478732	
1.000000	1.000000	
202.000000 
0.454160	0.454160	
1.000000	1.000000	
203.000000 
0.431040	0.431040	
1.000000	1.000000	
204.000000 
0.409285	0.409285	
1.000000	1.000000	
205.000000 
0.388813	0.388813	
1.000000	1.000000	
206.000000 
0.369546	0.369546	
1.000000	1.000000	
207.000000 
0.351411	0.351411	
1.000000	1.000000	
208.000000 
0.334341	0.334341	
1.000000	1.000000	
209.000000 
0.318271	0.318271	
1.000000	1.000000	
210.000000 
0.303140	0.303140	
1.000000	1.000000	
211.000000 
0.288892	0.288892	
1.000000	1.000000	
212.000000 
0.275473	0.275473	
1.000000	1.000000	
213.000000 
0.262834	0.262834	
1.000000	1.000000	
214.000000 
0.250927	0.250927	
1.000000	1.000000	
215.000000 
0.239710	0.239710	
1.000000	1.000000	
216.000000 
0.229139	0.229139	
1.000000	1.000000	
217.000000 
0.219177	0.219177	
1.000000	1.000000	
218.000000 
0.209788	0.209788	
1.000000	1.000000	
219.000000 
0.200936	0.200936	
1.000000	1.000000	
220.000000 
0.192591	0.192591	
1.000000	1.000000	
221.000000 
0.184722	0.184722	
1.000000	1.000000	
222.000000 
0.177302	0.177302	
1.000000	1.000000	
223.000000 
0.170303	0.170303	
1.000000	1.000000	
224.000000 
0.163702	0.163702	
1.000000	1.000000	
225.000000 
0.157475	0.157475	
1.000000	1.000000	
226.000000 
0.151601	0.151601	
1.000000	1.000000	
227.000000 
0.146059	0.146059	
1.000000	1.000000	
228.000000 
0.140830	0.140830	
1.000000	1.000000	
229.000000 
0.135897	0.135897	
1.000000	1.000000	
230.000000 
0.131242	0.131242	
1.000000	1.000000	
231.000000 
0.126851	0.126851	
1.000000	1.000000	
232.000000 
0.122708	0.122708	
1.000000	1.000000	
233.000000 
0.118801	0.118801	
1.000000	1.000000	
234.000000 
0.115115	0.115115	
1.000000	1.000000	
235.000000 
0.111640	0.111640	
1.000000	1.000000	
236.000000 
0.108363	0.108363	
1.000000	1.000000	
237.000000 
0.105275	0.105275	
1.000000	1.000000	
238.000000 
0.102365	0.102365	
1.000000	1.000000	
239.000000 
0.099625	0.099625	
1.000000	1.000000	
240.000000 
0.097046	0.097046	
1.000000	1.000000	
241.000000 
0.094620	0.094620	
1.000000	1.000000	
242.000000 
0.092339	0.092339	
1.000000	1.000000	
243.000000 
0.090196	0.090196	
1.000000	1.000000	
244.000000 
0.088185	0.088185	
1.000000	1.000000	
245.000000 
0.086301	0.086301	
1.000000	1.000000	
246.000000 
0.084536	0.084536	
1.000000	1.000000	
247.000000 
0.082886	0.082886	
1.000000	1.000000	
248.000000 
0.081347	0.081347	
1.000000	1.000000	
249.000000 
0.079913	0.079913	
1.000000	1.000000	
250.000000 
0.078580	0.078580	
1.000000	1.000000	
251.000000 
0.077345	0.077345	
1.000000	1.000000	
252.000000 
0.076204	0.076204	
1.000000	1.000000	
253.000000 
0.075154	0.075154	
1.000000	1.000000	
254.000000 
0.074192	0.074192	
1.000000	1.000000	
255.000000 
0.073314	0.073314	
1.000000	1.000000	
256.000000 
0.072519	0.072519	
1.000000	1.000000	
257.000000 
0.071805	0.071805	
1.000000	1.000000	
258.000000 
0.071169	0.071169	
1.000000	1.000000	
259.000000 
0.070609	0.070609	
1.000000	1.000000	
260.000000 
0.070125	0.070125	
1.000000	1.000000	
261.000000 
0.069714	0.069714	
1.000000	1.000000	
262.000000 
0.069376	0.069376	
1.000000	1.000000	
263.000000 
0.069109	0.069109	
1.000000	1.000000	
264.000000 
0.068913	0.068913	
1.000000	1.000000	
265.000000 
0.068788	0.068788	
1.000000	1.000000	
266.000000 
0.068733	0.068733	
1.000000	1.000000	
267.000000 
0.068748	0.068748	
1.000000	1.000000	
268.000000 
0.068832	0.068832	
1.000000	1.000000	
269.000000 
0.068987	0.068987	
1.000000	1.000000	
270.000000 
0.069213	0.069213	
1.000000	1.000000	
271.000000 
0.069510	0.069510	
1.000000	1.000000	
272.000000 
0.069879	0.069879	
1.000000	1.000000	
273.000000 
0.070321	0.070321	
1.000000	1.000000	
274.000000 
0.070837	0.070837	
1.000000	1.000000	
275.000000 
0.071430	0.071430	
1.000000	1.000000	
276.000000 
0.072100	0.072100	
1.000000	1.000000	
277.000000 
0.072849	0.072849	
1.000000	1.000000	
278.000000 
0.073680	0.073680	
1.000000	1.000000	
279.000000 
0.074595	0.074595	
1.000000	1.000000	
280.000000 
0.075596	0.075596	
1.000000	1.000000	
281.000000 
0.076687	0.076687	
1.000000	1.000000	
282.000000 
0.077871	0.077871	
1.000000	1.000000	
283.000000 
0.079150	0.079150	
1.000000	1.000000	
284.000000 
0.080529	0.080529	
1.000000	1.000000	
285.000000 
0.082012	0.082012	
1.000000	1.000000	
286.000000 
0.083603	0.083603	
1.000000	1.000000	
287.000000 
0.085307	0.085307	
1.000000	1.000000	
288.000000 
0.087129	0.087129	
1.000000	1.000000	
289.000000 
0.089075	0.089075	
1.000000	1.000000	
290.000000 
0.091150	0.091150	
1.000000	1.000000	
291.000000 
0.093360	0.093360	
1.000000	1.000000	
292.000000 
0.095714	0.095714	
1.000000	1.000000	
293.000000 
0.098217	0.098217	
1.000000	1.000000	
294.000000 
0.100879	0.100879	
1.000000	1.000000	
295.000000 
0.103706	0.103706	
1.000000	1.000000	
296.000000 
0.106709	0.106709	
1.000000	1.000000	
297.000000 
0.109896	0.109896	
1.000000	1.000000	
298.000000 
0.113279	0.113279	
1.000000	1.000000	
299.000000 
0.116868	0.116868	
1.000000	1.000000	
300.000000 
0.120675	0.120675	
1.000000	1.000000	
301.000000 
0.124713	0.124713	
1.000000	1.000000	
302.000000 
0.128995	0.128995	
1.000000	1.000000	
303.000000 
0.133536	0.133536	
1.000000	1.000000	
304.000000 
0.138351	0.138351	
1.000000	1.000000	
305.000000 
0.143457	0.143457	
1.000000	1.000000	
306.000000 
0.148871	0.148871	
1.000000	1.000000	
307.000000 
0.154612	0.154612	
1.000000	1.000000	
308.000000 
0.160700	0.160700	
1.000000	1.000000	
309.000000 
0.167158	0.167158	
1.000000	1.000000	
310.000000 
0.174007	0.174007	
1.000000	1.000000	
311.000000 
0.181272	0.181272	
1.000000	1.000000	
312.000000 
0.188980	0.188980	
1.000000	1.000000	
313.000000 
0.197159	0.197159	
1.000000	1.000000	
314.000000 
0.205839	0.205839	
1.000000	1.000000	
315.000000 
0.215051	0.215051	
1.000000	1.000000	
316.000000 
0.224829	0.224829	
1.000000	1.000000	
317.000000 
0.235211	0.235211	
1.000000	1.000000	
318.000000 
0.246235	0.246235	
1.000000	1.000000	
319.000000 
0.257943	0.257943	
1.000000	1.000000	
320.000000 
0.270379	0.270379	
1.000000	1.000000	
321.000000 
0.283591	0.283591	
1.000000	1.000000	
322.000000 
0.297628	0.297628	
1.000000	1.000000	
323.000000 
0.312545	0.312545	
1.000000	1.000000	
324.000000 
0.328399	0.328399	
1.000000	1.000000	
325.000000 
0.345252	0.345252	
1.000000	1.000000	
326.000000 
0.363169	0.363169	
1.000000	1.000000	
327.000000 
0.382220	0.382220	
1.000000	1.000000	
328.000000 
0.402479	0.402479	
1.000000	1.000000	
329.000000 
0.424024	0.424024	
1.000000	1.000000	
330.000000 
0.446942	0.446942	
1.000000	1.000000	
331.000000 
0.471320	0.471320	
1.000000	1.000000	
332.000000 
0.497256	0.497256	
1.000000	1.000000	
333.000000 
0.524849	0.524849	
1.000000	1.000000	
334.000000 
0.554210	0.554210	
1.000000	1.000000	
335.000000 
0.585452	0.585452	
1.000000	1.000000	
336.000000 
0.618699	0.618699	
1.000000	1.000000	
337.000000 
0.654079	0.654079	
1.000000	1.000000	
338.000000 
0.691732	0.691732	
1.000000	1.000000	
339.000000 
0.731803	0.731803	
1.000000	1.000000	
340.000000 
0.774449	0.774449	
1.000000	1.000000	
341.000000 
0.819833	0.819833	
1.000000	1.000000	
342.000000 
0.868131	0.868131	
1.000000	1.000000	
343.000000 
0.919527	0.919527	
1.000000	1.000000	
344.000000 
0.974218	0.974218	
1.000000	1.000000	
345.000000 
1.032411	1.032411	
1.000000	1.000000	
346.000000 
1.094325	1.094325	
1.000000	1.000000	
347.000000 
1.160190	1.160190	
1.000000	1.000000	
348.000000 
1.230252	1.230252	
1.000000	1.000000	
349.000000 
1.304768	1.304768	
1.000000	1.000000	
350.000000 
1.384010	1.384010	
1.000000	1.000000	
351.000000 
1.468263	1.468263	
1.000000	1.000000	
352.000000 
1.557828	1.557828	
1.000000	1.000000	
353.000000 
1.653021	1.653021	
1.000000	1.000000	
354.000000 
1.754174	1.754174	
1.000000	1.000000	
355.000000 
1.861635	1.861635	
1.000000	1.000000	
356.000000 
1.975768	1.975768	
1.000000	1.000000	
357.000000 
2.096955	2.096955	
1.000000	1.000000	
358.000000 
2.225595	2.225595	
1.000000	1.000000	
359.000000 
2.362103	2.362103	
1.000000	1.000000	
360.000000 
2.506915	2.506915	
1.000000	1.000000	
361.000000 
2.660480	2.660480	
1.000000	1.000000	
362.000000 
2.823269	2.823269	
1.000000	1.000000	
363.000000 
2.995768	2.995768	
1.000000	1.000000	
364.000000 
3.178483	3.178483	
1.000000	1.000000	
365.000000 
3.371934	3.371934	
1.000000	1.000000	
366.000000 
3.576662	3.576662	
1.000000	1.000000	
367.000000 
3.793220	3.793220	
1.000000	1.000000	
368.000000 
4.022180	4.022180	
1.000000	1.000000	
369.000000 
4.264126	4.264126	
1.000000	1.000000	
370.000000 
4.519660	4.519660	
1.000000	1.000000	
371.000000 
4.789391	4.789391	
1.000000	1.000000	
372.000000 
5.073943	5.073943	
1.000000	1.000000	
373.000000 
5.373949	5.373949	
1.000000	1.000000	
374.000000 
5.690048	5.690048	
1.000000	1.000000	
375.000000 
6.022886	6.022886	
1.000000	1.000000	
376.000000 
6.373113	6.373113	
1.000000	1.000000	
377.000000 
6.741377	6.741377	
1.000000	1.000000	
378.000000 
7.128327	7.128327	
1.000000	1.000000	
379.000000 
7.534604	7.534604	
1.000000	1.000000	
380.000000 
7.960842	7.960842	
1.000000	1.000000	
381.000000 
8.407662	8.407662	
1.000000	1.000000	
382.000000 
8.875669	8.875669	
1.000000	1.000000	
383.000000 
9.365447	9.365447	
1.000000	1.000000	
384.000000 
9.877557	9.877557	
1.000000	1.000000	
385.000000 
10.412527	10.412527	
1.000000	1.000000	
386.000000 
10.970852	10.970852	
1.000000	1.000000	
387.000000 
11.552989	11.552989	
1.000000	1.000000	
388.000000 
12.159345	12.159345	
1.000000	1.000000	
389.000000 
12.790281	12.790281	
1.000000	1.000000	
390.000000 
13.446098	13.446098	
1.000000	1.000000	
391.000000 
14.127036	14.127036	
1.000000	1.000000	
392.000000 
14.833264	14.833264	
1.000000	1.000000	
393.000000 
15.564878	15.564878	
1.000000	1.000000	
394.000000 
16.321894	16.321894	
1.000000	1.000000	
395.000000 
17.104240	17.104240	
1.000000	1.000000	
396.000000 
17.911751	17.911751	
1.000000	1.000000	
397.000000 
18.744163	18.744163	
1.000000	1.000000	
398.000000 
19.601111	19.601111	
1.000000	1.000000	
399.000000 
20.482117	20.482117	
1.000000	1.000000	
400.000000 
21.386593	21.386593	
1.000000	1.000000	
401.000000 
22.313830	22.313830	
1.000000	1.000000	
402.000000 
23.262997	23.262997	
1.000000	1.000000	
403.000000 
24.233140	24.233140	
1.000000	1.000000	
404.000000 
25.223173	25.223173	
1.000000	1.000000	
405.000000 
26.231882	26.231882	
1.000000	1.000000	
406.000000 
27.257924	27.257924	
1.000000	1.000000	
407.000000 
28.299820	28.299820	
1.000000	1.000000	
408.000000 
29.355963	29.355963	
1.000000	1.000000	
409.000000 
30.424615	30.424615	
1.000000	1.000000	
410.000000 
31.503914	31.503914	
1.000000	1.000000	
411.000000 
32.591870	32.591870	
1.000000	1.000000	
412.000000 
33.686379	33.686379	
1.000000	1.000000	
413.000000 
34.785221	34.785221	
1.000000	1.000000	
414.000000 
35.886070	35.886070	
1.000000	1.000000	
415.000000 
36.986501	36.986501	
1.000000	1.000000	
416.000000 
38.084000	38.084000	
1.000000	1.000000	
417.000000 
39.175971	39.175971	
1.000000	1.000000	
418.000000 
40.259751	40.259751	
1.000000	1.000000	
419.000000 
41.332617	41.332617	
1.000000	1.000000	
420.000000 
42.391800	42.391800	
1.000000	1.000000	
421.000000 
43.434498	43.434498	
1.000000	1.000000	
422.000000 
44.457891	44.457891	
1.000000	1.000000	
423.000000 
45.459154	45.459154	
1.000000	1.000000	
424.000000 
46.435470	46.435470	
1.000000	1.000000	
425.000000 
47.384047	47.384047	
1.000000	1.000000	
426.000000 
48.302133	48.302133	
1.000000	1.000000	
427.000000 
49.187028	49.187028	
1.000000	1.000000	
428.000000 
50.036104	50.036104	
1.000000	1.000000	
429.000000 
50.846815	50.846815	
1.000000	1.000000	
430.000000 
51.616712	51.616712	
1.000000	1.000000	
431.000000 
52.343459	52.343459	
1.000000	1.000000	
432.000000 
53.024844	53.024844	
1.000000	1.000000	
433.000000 
53.658793	53.658793	
1.000000	1.000000	
434.000000 
54.243378	54.243378	
1.000000	1.000000	
435.000000 
54.776833	54.776833	
1.000000	1.000000	
436.000000 
55.257559	55.257559	
1.000000	1.000000	
437.000000 
55.684135	55.684135	
1.000000	1.000000	
438.000000 
56.055322	56.055322	
1.000000	1.000000	
439.000000 
56.370075	56.370075	
1.000000	1.000000	
440.000000 
56.627540	56.627540	
1.000000	1.000000	
441.000000 
56.827065	56.827065	
1.000000	1.000000	
442.000000 
56.968196	56.968196	
1.000000	1.000000	
443.000000 
57.050683	57.050683	
1.000000	1.000000	
444.000000 
57.074475	57.074475	
1.000000	1.000000	
445.000000 
57.039723	57.039723	
1.000000	1.000000	
446.000000 
56.946774	56.946774	
1.000000	1.000000	
447.000000 
56.796167	56.796167	
1.000000	1.000000	
448.000000 
56.588629	56.588629	
1.000000	1.000000	
449.000000 
56.325071	56.325071	
1.000000	1.000000	
450.000000 
56.006577	56.006577	
1.000000	1.000000	
451.000000 
55.634396	55.634396	
1.000000	1.000000	
452.000000 
55.209938	55.209938	
1.000000	1.000000	
453.000000 
54.734761	54.734761	
1.000000	1.000000	
454.000000 
54.210560	54.210560	
1.000000	1.000000	
455.000000 
53.639160	53.639160	
1.000000	1.000000	
456.000000 
53.022501	53.022501	
1.000000	1.000000	
457.000000 
52.362631	52.362631	
1.000000	1.000000	
458.000000 
51.661688	51.661688	
1.000000	1.000000	
459.000000 
50.921898	50.921898	
1.000000	1.000000	
460.000000 
50.145551	50.145551	
1.000000	1.000000	
461.000000 
49.335001	49.335001	
1.000000	1.000000	
462.000000 
48.492646	48.492646	
1.000000	1.000000	
463.000000 
47.620919	47.620919	
1.000000	1.000000	
464.000000 
46.722278	46.722278	
1.000000	1.000000	
465.000000 
45.799193	45.799193	
1.000000	1.000000	
466.000000 
44.854136	44.854136	
1.000000	1.000000	
467.000000 
43.889572	43.889572	
1.000000	1.000000	
468.000000 
42.907946	42.907946	
1.000000	1.000000	
469.000000 
41.911677	41.911677	
1.000000	1.000000	
470.000000 
40.903145	40.903145	
1.000000	1.000000	
471.000000 
39.884689	39.884689	
1.000000	1.000000	
472.000000 
38.858592	38.858592	
1.000000	1.000000	
473.000000 
37.827080	37.827080	
1.000000	1.000000	
474.000000 
36.792311	36.792311	
1.000000	1.000000	
475.000000 
35.756371	35.756371	
1.000000	1.000000	
476.000000 
34.721271	34.721271	
1.000000	1.000000	
477.000000 
33.688937	33.688937	
1.000000	1.000000	
478.000000 
32.661211	32.661211	
1.000000	1.000000	
479.000000 
31.639846	31.639846	
1.000000	1.000000	
480.000000 
30.626499	30.626499	
1.000000	1.000000	
481.000000 
29.622738	29.622738	
1.000000	1.000000	
482.000000 
28.630032	28.630032	
1.000000	1.000000	
483.000000 
27.649752	27.649752	
1.000000	1.000000	
484.000000 
26.683173	26.683173	
1.000000	1.000000	
485.000000 
25.731472	25.731472	
1.000000	1.000000	
486.000000 
24.795729	24.795729	
1.000000	1.000000	
487.000000 
23.876926	23.876926	
1.000000	1.000000	
488.000000 
22.975950	22.975950	
1.000000	1.000000	
489.000000 
22.093597	22.093597	
1.000000	1.000000	
490.000000 
21.230567	21.230567	
1.000000	1.000000	
491.000000 
20.387475	20.387475	
1.000000	1.000000	
492.000000 
19.564846	19.564846	
1.000000	1.000000	
493.000000 
18.763124	18.763124	
1.000000	1.000000	
494.000000 
17.982669	17.982669	
1.000000	1.000000	
495.000000 
17.223768	17.223768	
1.000000	1.000000	
496.000000 
16.486629	16.486629	
1.000000	1.000000	
497.000000 
15.771394	15.771394	
1.000000	1.000000	
498.000000 
15.078136	15.078136	
1.000000	1.000000	
499.000000 
14.406865	14.406865	
1.000000	1.000000	
500.000000 
13.757533	13.757533	
1.000000	1.000000	
501.000000 
13.130036	13.130036	
1.000000	1.000000	
502.000000 
12.524218	12.524218	
1.000000	1.000000	
503.000000 
11.939877	11.939877	
1.000000	1.000000	
504.000000 
11.376766	11.376766	
1.000000	1.000000	
505.000000 
10.834597	10.834597	
1.000000	1.000000	
506.000000 
10.313049	10.313049	
1.000000	1.000000	
507.000000 
9.811764	9.811764	
1.000000	1.000000	
508.000000 
9.330358	9.330358	
1.000000	1.000000	
509.000000 
8.868419	8.868419	
1.000000	1.000000	
510.000000 
8.425512	8.425512	
1.000000	1.000000	
511.000000 
8.001184	8.001184	
1.000000	1.000000	
512.000000 
7.594963	7.594963	
1.000000	1.000000	
513.000000 
7.206367	7.206367	
1.000000	1.000000	
514.000000 
6.834898	6.834898	
1.000000	1.000000	
515.000000 
6.480052	6.480052	
1.000000	1.000000	
516.000000 
6.141319	6.141319	
1.000000	1.000000	
517.000000 
5.818183	5.818183	
1.000000	1.000000	
518.000000 
5.510128	5.510128	
1.000000	1.000000	
519.000000 
5.216635	5.216635	
1.000000	1.000000	
520.000000 
4.937190	4.937190	
1.000000	1.000000	
521.000000 
4.671280	4.671280	
1.000000	1.000000	
522.000000 
4.418397	4.418397	
1.000000	1.000000	
523.000000 
4.178039	4.178039	
1.000000	1.000000	
524.000000 
3.949712	3.949712	
1.000000	1.000000	
525.000000 
3.732929	3.732929	
1.000000	1.000000	
526.000000 
3.527212	3.527212	
1.000000	1.000000	
527.000000 
3.332095	3.332095	
1.000000	1.000000	
528.000000 
3.147121	3.147121	
1.000000	1.000000	
529.000000 
2.971844	2.971844	
1.000000	1.000000	
530.000000 
2.805832	2.805832	
1.000000	1.000000	
531.000000 
2.648662	2.648662	
1.000000	1.000000	
532.000000 
2.499926	2.499926	
1.000000	1.000000	
533.000000 
2.359228	2.359228	
1.000000	1.000000	
534.000000 
2.226185	2.226185	
1.000000	1.000000	
535.000000 
2.100428	2.100428	
1.000000	1.000000	
536.000000 
1.981600	1.981600	
1.000000	1.000000	
537.000000 
1.869356	1.869356	
1.000000	1.000000	
538.000000 
1.763367	1.763367	
1.000000	1.000000	
539.000000 
1.663315	1.663315	
1.000000	1.000000	
540.000000 
1.568895	1.568895	
1.000000	1.000000	
541.000000 
1.479815	1.479815	
1.000000	1.000000	
542.000000 
1.395795	1.395795	
1.000000	1.000000	
543.000000 
1.316566	1.316566	
1.000000	1.000000	
544.000000 
1.241874	1.241874	
1.000000	1.000000	
545.000000 
1.171474	1.171474	
1.000000	1.000000	
546.000000 
1.105132	1.105132	
1.000000	1.000000	
547.000000 
1.042627	1.042627	
1.000000	1.000000	
548.000000 
0.983747	0.983747	
1.000000	1.000000	
549.000000 
0.928291	0.928291	
1.000000	1.000000	
550.000000 
0.876067	0.876067	
1.000000	1.000000	
551.000000 
0.826894	0.826894	
1.000000	1.000000	
552.000000 
0.780598	0.780598	
1.000000	1.000000	
553.000000 
0.737016	0.737016	
1.000000	1.000000	
554.000000 
0.695993	0.695993	
1.000000	1.000000	
555.000000 
0.657381	0.657381	
1.000000	1.000000	
556.000000 
0.621041	0.621041	
1.000000	1.000000	
557.000000 
0.586842	0.586842	
1.000000	1.000000	
558.000000 
0.554658	0.554658	
1.000000	1.000000	
559.000000 
0.524372	0.524372	
1.000000	1.000000	
560.000000 
0.495872	0.495872	
1.000000	1.000000	
561.000000 
0.469053	0.469053	
1.000000	1.000000	
562.000000 
0.443815	0.443815	
1.000000	1.000000	
563.000000 
0.420066	0.420066	
1.000000	1.000000	
564.000000 
0.397716	0.397716	
1.000000	1.000000	
565.000000 
0.376682	0.376682	
1.000000	1.000000	
566.000000 
0.356886	0.356886	
1.000000	1.000000	
567.000000 
0.338254	0.338254	
1.000000	1.000000	
568.000000 
0.320715	0.320715	
1.000000	1.000000	
569.000000 
0.304206	0.304206	
1.000000	1.000000	
570.000000 
0.288663	0.288663	
1.000000	1.000000	
571.000000 
0.274029	0.274029	
1.000000	1.000000	
572.000000 
0.260249	0.260249	
1.000000	1.000000	
573.000000 
0.247272	0.247272	
1.000000	1.000000	
574.000000 
0.235049	0.235049	
1.000000	1.000000	
575.000000 
0.223536	0.223536	
1.000000	1.000000	
576.000000 
0.212689	0.212689	
1.000000	1.000000	
577.000000 
0.202469	0.202469	
1.000000	1.000000	
578.000000 
0.192837	0.192837	
1.000000	1.000000	
579.000000 
0.183759	0.183759	
1.000000	1.000000	
580.000000 
0.175202	0.175202	
1.000000	1.000000	
581.000000 
0.167134	0.167134	
1.000000	1.000000	
582.000000 
0.159525	0.159525	
1.000000	1.000000	
583.000000 
0.152350	0.152350	
1.000000	1.000000	
584.000000 
0.145581	0.145581	
1.000000	1.000000	
585.000000 
0.139194	0.139194	
1.000000	1.000000	
586.000000 
0.133168	0.133168	
1.000000	1.000000	
587.000000 
0.127480	0.127480	
1.000000	1.000000	
588.000000 
0.122111	0.122111	
1.000000	1.000000	
589.000000 
0.117042	0.117042	
1.000000	1.000000	
590.000000 
0.112255	0.112255	
1.000000	1.000000	
591.000000 
0.107735	0.107735	
1.000000	1.000000	
592.000000 
0.103464	0.103464	
1.000000	1.000000	
593.000000 
0.099430	0.099430	
1.000000	1.000000	
594.000000 
0.095618	0.095618	
1.000000	1.000000	
595.000000 
0.092015	0.092015	
1.000000	1.000000	
596.000000 
0.088610	0.088610	
1.000000	1.000000	
597.000000 
0.085392	0.085392	
1.000000	1.000000	
598.000000 
0.082349	0.082349	
1.000000	1.000000	
599.000000 
0.079472	0.079472	
1.000000	1.000000	
600.000000 
0.076752	0.076752	
1.000000	1.000000	
601.000000 
0.074180	0.074180	
1.000000	1.000000	
602.000000 
0.071747	0.071747	
1.000000	1.000000	
603.000000 
0.069447	0.069447	
1.000000	1.000000	
604.000000 
0.067272	0.067272	
1.000000	1.000000	
605.000000 
0.065215	0.065215	
1.000000	1.000000	
606.000000 
0.063270	0.063270	
1.000000	1.000000	
607.000000 
0.061432	0.061432	
1.000000	1.000000	
608.000000 
0.059693	0.059693	
1.000000	1.000000	
609.000000 
0.058051	0.058051	
1.000000	1.000000	
610.000000 
0.056498	0.056498	
1.000000	1.000000	
611.000000 
0.055032	0.055032	
1.000000	1.000000	
612.000000 
0.053647	0.053647	
1.000000	1.000000	
613.000000 
0.052340	0.052340	
1.000000	1.000000	
614.000000 
0.051106	0.051106	
1.000000	1.000000	
615.000000 
0.049943	0.049943	
1.000000	1.000000	
616.000000 
0.048847	0.048847	
1.000000	1.000000	
617.000000 
0.047815	0.047815	
1.000000	1.000000	
618.000000 
0.046844	0.046844	
1.000000	1.000000	
619.000000 
0.045932	0.045932	
1.000000	1.000000	
620.000000 
0.045076	0.045076	
1.000000	1.000000	
621.000000 
0.044273	0.044273	
1.000000	1.000000	
622.000000 
0.043521	0.043521	
1.000000	1.000000	
623.000000 
0.042819	0.042819	
1.000000	1.000000	
624.000000 
0.042164	0.042164	
1.000000	1.000000	
625.000000 
0.041556	0.041556	
1.000000	1.000000	
626.000000 
0.040991	0.040991	
1.000000	1.000000	
627.000000 
0.040469	0.040469	
1.000000	1.000000	
628.000000 
0.039988	0.039988	
1.000000	1.000000	
629.000000 
0.039547	0.039547	
1.000000	1.000000	
630.000000 
0.039144	0.039144	
1.000000	1.000000	
631.000000 
0.038780	0.038780	
1.000000	1.000000	
632.000000 
0.038452	0.038452	
1.000000	1.000000	
633.000000 
0.038160	0.038160	
1.000000	1.000000	
634.000000 
0.037904	0.037904	
1.000000	1.000000	
635.000000 
0.037681	0.037681	
1.000000	1.000000	
636.000000 
0.037493	0.037493	
1.000000	1.000000	
637.000000 
0.037337	0.037337	
1.000000	1.000000	
638.000000 
0.037215	0.037215	
1.000000	1.000000	
639.000000 
0.037125	0.037125	
1.000000	1.000000	
640.000000 
0.037067	0.037067	
1.000000	1.000000	
641.000000 
0.037041	0.037041	
1.000000	1.000000	
642.000000 
0.037047	0.037047	
1.000000	1.000000	
643.000000 
0.037084	0.037084	
1.000000	1.000000	
644.000000 
0.037153	0.037153	
1.000000	1.000000	
645.000000 
0.037254	0.037254	
1.000000	1.000000	
646.000000 
0.037387	0.037387	
1.000000	1.000000	
647.000000 
0.037552	0.037552	
1.000000	1.000000	
648.000000 
0.037749	0.037749	
1.000000	1.000000	
649.000000 
0.037979	0.037979	
1.000000	1.000000	
650.000000 
0.038243	0.038243	
1.000000	1.000000	
651.000000 
0.038539	0.038539	
1.000000	1.000000	
652.000000 
0.038871	0.038871	
1.000000	1.000000	
653.000000 
0.039237	0.039237	
1.000000	1.000000	
654.000000 
0.039638	0.039638	
1.000000	1.000000	
655.000000 
0.040076	0.040076	
1.000000	1.000000	
656.000000 
0.040551	0.040551	
1.000000	1.000000	
657.000000 
0.041065	0.041065	
1.000000	1.000000	
658.000000 
0.041618	0.041618	
1.000000	1.000000	
659.000000 
0.042211	0.042211	
1.000000	1.000000	
660.000000 
0.042846	0.042846	
1.000000	1.000000	
661.000000 
0.043524	0.043524	
1.000000	1.000000	
662.000000 
0.044246	0.044246	
1.000000	1.000000	
663.000000 
0.045014	0.045014	
1.000000	1.000000	
664.000000 
0.045830	0.045830	
1.000000	1.000000	
665.000000 
0.046695	0.046695	
1.000000	1.000000	
666.000000 
0.047612	0.047612	
1.000000	1.000000	
667.000000 
0.048581	0.048581	
1.000000	1.000000	
668.000000 
0.049605	0.049605	
1.000000	1.000000	
669.000000 
0.050687	0.050687	
1.000000	1.000000	
670.000000 
0.051829	0.051829	
1.000000	1.000000	
671.000000 
0.053033	0.053033	
1.000000	1.000000	
672.000000 
0.054302	0.054302	
1.000000	1.000000	
673.000000 
0.055638	0.055638	
1.000000	1.000000	
674.000000 
0.057045	0.057045	
1.000000	1.000000	
675.000000 
0.058525	0.058525	
1.000000	1.000000	
676.000000 
0.060082	0.060082	
1.000000	1.000000	
677.000000 
0.061720	0.061720	
1.000000	1.000000	
678.000000 
0.063442	0.063442	
1.000000	1.000000	
679.000000 
0.065251	0.065251	
1.000000	1.000000	
680.000000 
0.067152	0.067152	
1.000000	1.000000	
681.000000 
0.069149	0.069149	
1.000000	1.000000	
682.000000 
0.071247	0.071247	
1.000000	1.000000	
683.000000 
0.073450	0.073450	
1.000000	1.000000	
684.000000 
0.075763	0.075763	
1.000000	1.000000	
685.000000 
0.078191	0.078191	
1.000000	1.000000	
686.000000 
0.080740	0.080740	
1.000000	1.000000	
687.000000 
0.083415	0.083415	
1.000000	1.000000	
688.000000 
0.086223	0.086223	
1.000000	1.000000	
689.000000 
0.089169	0.089169	
1.000000	1.000000	
690.000000 
0.092260	0.092260	
1.000000	1.000000	
691.000000 
0.095503	0.095503	
1.000000	1.000000	
692.000000 
0.098906	0.098906	
1.000000	1.000000	
693.000000 
0.102475	0.102475	
1.000000	1.000000	
694.000000 
0.106220	0.106220	
1.000000	1.000000	
695.000000 
0.110147	0.110147	
1.000000	1.000000	
696.000000 
0.114265	0.114265	
1.000000	1.000000	
697.000000 
0.118584	0.118584	
1.000000	1.000000	
698.000000 
0.123113	0.123113	
1.000000	1.000000	
699.000000 
0.127862	0.127862	
1.000000	1.000000	
700.000000 
0.132840	0.132840	
1.000000	1.000000	
701.000000 
0.138059	0.138059	
1.000000	1.000000	
702.000000 
0.143530	0.143530	
1.000000	1.000000	
703.000000 
0.149264	0.149264	
1.000000	1.000000	
704.000000 
0.155273	0.155273	
1.000000	1.000000	
705.000000 
0.161570	0.161570	
1.000000	1.000000	
706.000000 
0.168167	0.168167	
1.000000	1.000000	
707.000000 
0.175077	0.175077	
1.000000	1.000000	
708.000000 
0.182316	0.182316	
1.000000	1.000000	
709.000000 
0.189897	0.189897	
1.000000	1.000000	
710.000000 
0.197834	0.197834	
1.000000	1.000000	
711.000000 
0.206144	0.206144	
1.000000	1.000000	
712.000000 
0.214843	0.214843	
1.000000	1.000000	
713.000000 
0.223945	0.223945	
1.000000	1.000000	
714.000000 
0.233469	0.233469	
1.000000	1.000000	
715.000000 
0.243432	0.243432	
1.000000	1.000000	
716.000000 
0.253851	0.253851	
1.000000	1.000000	
717.000000 
0.264744	0.264744	
1.000000	1.000000	
718.000000 
0.276131	0.276131	
1.000000	1.000000	
719.000000 
0.288030	0.288030	
1.000000	1.000000	
720.000000 
0.300461	0.300461	
1.000000	1.000000	
721.000000 
0.313444	0.313444	
1.000000	1.000000	
722.000000 
0.326999	0.326999	
1.000000	1.000000	
723.000000 
0.341147	0.341147	
1.000000	1.000000	
724.000000 
0.355908	0.355908	
1.000000	1.000000	
725.000000 
0.371304	0.371304	
1.000000	1.000000	
726.000000 
0.387355	0.387355	
1.000000	1.000000	
727.000000 
0.404084	0.404084	
1.000000	1.000000	
728.000000 
0.421512	0.421512	
1.000000	1.000000	
729.000000 
0.439661	0.439661	
1.000000	1.000000	
730.000000 
0.458551	0.458551	
1.000000	1.000000	
731.000000 
0.478205	0.478205	
1.000000	1.000000	
732.000000 
0.498644	0.498644	
1.000000	1.000000	
733.000000 
0.519888	0.519888	
1.000000	1.000000	
734.000000 
0.541959	0.541959	
1.000000	1.000000	
735.000000 
0.564877	0.564877	
1.000000	1.000000	
736.000000 
0.588660	0.588660	
1.000000	1.000000	
737.000000 
0.613329	0.613329	
1.000000	1.000000	
738.000000 
0.638902	0.638902	
1.000000	1.000000	
739.000000 
0.665395	0.665395	
1.000000	1.000000	
740.000000 
0.692825	0.692825	
1.000000	1.000000	
741.000000 
0.721208	0.721208	
1.000000	1.000000	
742.000000 
0.750556	0.750556	
1.000000	1.000000	
743.000000 
0.780883	0.780883	
1.000000	1.000000	
744.000000 
0.812200	0.812200	
1.000000	1.000000	
745.000000 
0.844515	0.844515	
1.000000	1.000000	
746.000000 
0.877836	0.877836	
1.000000	1.000000	
747.000000 
0.912168	0.912168	
1.000000	1.000000	
748.000000 
0.947515	0.947515	
1.000000	1.000000	
749.000000 
0.983877	0.983877	
1.000000	1.000000	
750.000000 
1.021253	1.021253	
1.000000	1.000000	
751.000000 
1.059637	1.059637	
1.000000	1.000000	
752.000000 
1.099024	1.099024	
1.000000	1.000000	
753.000000 
1.139403	1.139403	
1.000000	1.000000	
754.000000 
1.180760	1.180760	
1.000000	1.000000	
755.000000 
1.223080	1.223080	
1.000000	1.000000	
756.000000 
1.266342	1.266342	
1.000000	1.000000	
757.000000 
1.310524	1.310524	
1.000000	1.000000	
758.000000 
1.355597	1.355597	
1.000000	1.000000	
759.000000 
1.401532	1.401532	
1.000000	1.000000	
760.000000 
1.448293	1.448293	
1.000000	1.000000	
761.000000 
1.495843	1.495843	
1.000000	1.000000	
762.000000 
1.544138	1.544138	
1.000000	1.000000	
763.000000 
1.593131	1.593131	
1.000000	1.000000	
764.000000 
1.642773	1.642773	
1.000000	1.000000	
765.000000 
1.693007	1.693007	
1.000000	1.000000	
766.000000 
1.743775	1.743775	
1.000000	1.000000	
767.000000 
1.795013	1.795013	
1.000000	1.000000	
768.000000 
1.846654	1.846654	
1.000000	1.000000	
769.000000 
1.898626	1.898626	
1.000000	1.000000	
770.000000 
1.950854	1.950854	
1.000000	1.000000	
771.000000 
2.003257	2.003257	
1.000000	1.000000	
772.000000 
2.055753	2.055753	
1.000000	1.000000	
773.000000 
2.108255	2.108255	
1.000000	1.000000	
774.000000 
2.160672	2.160672	
1.000000	1.000000	
775.000000 
2.212912	2.212912	
1.000000	1.000000	
776.000000 
2.264877	2.264877	
1.000000	1.000000	
777.000000 
2.316468	2.316468	
1.000000	1.000000	
778.000000 
2.367583	2.367583	
1.000000	1.000000	
779.000000 
2.418119	2.418119	
1.000000	1.000000	
780.000000 
2.467969	2.467969	
1.000000	1.000000	
781.000000 
2.517026	2.517026	
1.000000	1.000000	
782.000000 
2.565183	2.565183	
1.000000	1.000000	
783.000000 
2.612329	2.612329	
1.000000	1.000000	
784.000000 
2.658355	2.658355	
1.000000	1.000000	
785.000000 
2.703152	2.703152	
1.000000	1.000000	
786.000000 
2.746611	2.746611	
1.000000	1.000000	
787.000000 
2.788624	2.788624	
1.000000	1.000000	
788.000000 
2.829085	2.829085	
1.000000	1.000000	
789.000000 
2.867889	2.867889	
1.000000	1.000000	
790.000000 
2.904934	2.904934	
1.000000	1.000000	
791.000000 
2.940120	2.940120	
1.000000	1.000000	
792.000000 
2.973352	2.973352	
1.000000	1.000000	
793.000000 
3.004536	3.004536	
1.000000	1.000000	
794.000000 
3.033585	3.033585	
1.000000	1.000000	
795.000000 
3.060415	3.060415	
1.000000	1.000000	
796.000000 
3.084948	3.084948	
1.000000	1.000000	
797.000000 
3.107109	3.107109	
1.000000	1.000000	
798.000000 
3.126833	3.126833	
1.000000	1.000000	
799.000000 
3.144057	3.144057	
1.000000	1.000000	
800.000000 
3.158727	3.158727	
1.000000	1.000000	
801.000000 
3.170795	3.170795	
1.000000	1.000000	
802.000000 
3.180219	3.180219	
1.000000	1.000000	
803.000000 
3.186967	3.186967	
1.000000	1.000000	
804.000000 
3.191012	3.191012	
1.000000	1.000000	
805.000000 
3.192335	3.192335	
1.000000	1.000000	
806.000000 
3.190926	3.190926	
1.000000	1.000000	
807.000000 
3.186781	3.186781	
1.000000	1.000000	
808.000000 
3.179905	3.179905	
1.000000	1.000000	
809.000000 
3.170312	3.170312	
1.000000	1.000000	
810.000000 
3.158021	3.158021	
1.000000	1.000000	
811.000000 
3.143060	3.143060	
1.000000	1.000000	
812.000000 
3.125467	3.125467	
1.000000	1.000000	
813.000000 
3.105283	3.105283	
1.000000	1.000000	
814.000000 
3.082560	3.082560	
1.000000	1.000000	
815.000000 
3.057355	3.057355	
1.000000	1.000000	
816.000000 
3.029732	3.029732	
1.000000	1.000000	
817.000000 
2.999763	2.999763	
1.000000	1.000000	
818.000000 
2.967523	2.967523	
1.000000	1.000000	
819.000000 
2.933096	2.933096	
1.000000	1.000000	
820.000000 
2.896570	2.896570	
1.000000	1.000000	
821.000000 
2.858037	2.858037	
1.000000	1.000000	
822.000000 
2.817595	2.817595	
1.000000	1.000000	
823.000000 
2.775345	2.775345	
1.000000	1.000000	
824.000000 
2.731391	2.731391	
1.000000	1.000000	
825.000000 
2.685843	2.685843	
1.000000	1.000000	
826.000000 
2.638811	2.638811	
1.000000	1.000000	
827.000000 
2.590406	2.590406	
1.000000	1.000000	
828.000000 
2.540745	2.540745	
1.000000	1.000000	
829.000000 
2.489942	2.489942	
1.000000	1.000000	
830.000000 
2.438113	2.438113	
1.000000	1.000000	
831.000000 
2.385376	2.385376	
1.000000	1.000000	
832.000000 
2.331846	2.331846	
1.000000	1.000000	
833.000000 
2.277638	2.277638	
1.000000	1.000000	
834.000000 
2.222867	2.222867	
1.000000	1.000000	
835.000000 
2.167645	2.167645	
1.000000	1.000000	
836.000000 
2.112084	2.112084	
1.000000	1.000000	
837.000000 
2.056291	2.056291	
1.000000	1.000000	
838.000000 
2.000373	2.000373	
1.000000	1.000000	
839.000000 
1.944432	1.944432	
1.000000	1.000000	
840.000000 
1.888567	1.888567	
1.000000	1.000000	
841.000000 
1.832875	1.832875	
1.000000	1.000000	
842.000000 
1.777448	1.777448	
1.000000	1.000000	
843.000000 
1.722373	1.722373	
1.000000	1.000000	
844.000000 
1.667734	1.667734	
1.000000	1.000000	
845.000000 
1.613611	1.613611	
1.000000	1.000000	
846.000000 
1.560079	1.560079	
1.000000	1.000000	
847.000000 
1.507208	1.507208	
1.000000	1.000000	
848.000000 
1.455064	1.455064	
1.000000	1.000000	
849.000000 
1.403708	1.403708	
1.000000	1.000000	
850.000000 
1.353196	1.353196	
1.000000	1.000000	
851.000000 
1.303579	1.303579	
1.000000	1.000000	
852.000000 
1.254905	1.254905	
1.000000	1.000000	
853.000000 
1.207216	1.207216	
1.000000	1.000000	
854.000000 
1.160548	1.160548	
1.000000	1.000000	
855.000000 
1.114936	1.114936	
1.000000	1.000000	
856.000000 
1.070407	1.070407	
1.000000	1.000000	
857.000000 
1.026986	1.026986	
1.000000	1.000000	
858.000000 
0.984693	0.984693	
1.000000	1.000000	
859.000000 
0.943545	0.943545	
1.000000	1.000000	
860.000000 
0.903553	0.903553	
1.000000	1.000000	
861.000000 
0.864727	0.864727	
1.000000	1.000000	
862.000000 
0.827072	0.827072	
1.000000	1.000000	
863.000000 
0.790588	0.790588	
1.000000	1.000000	
864.000000 
0.755276	0.755276	
1.000000	1.000000	
865.000000 
0.721130	0.721130	
1.000000	1.000000	
866.000000 
0.688144	0.688144	
1.000000	1.000000	
867.000000 
0.656307	0.656307	
1.000000	1.000000	
868.000000 
0.625609	0.625609	
1.000000	1.000000	
869.000000 
0.596035	0.596035	
1.000000	1.000000	
870.000000 
0.567568	0.567568	
1.000000	1.000000	
871.000000 
0.540191	0.540191	
1.000000	1.000000	
872.000000 
0.513884	0.513884	
1.000000	1.000000	
873.000000 
0.488626	0.488626	
1.000000	1.000000	
874.000000 
0.464394	0.464394	
1.000000	1.000000	
875.000000 
0.441166	0.441166	
1.000000	1.000000	
876.000000 
0.418916	0.418916	
1.000000	1.000000	
877.000000 
0.397619	0.397619	
1.000000	1.000000	
878.000000 
0.377250	0.377250	
1.000000	1.000000	
879.000000 
0.357781	0.357781	
1.000000	1.000000	
880.000000 
0.339187	0.339187	
1.000000	1.000000	
881.000000 
0.321439	0.321439	
1.000000	1.000000	
882.000000 
0.304511	0.304511	
1.000000	1.000000	
883.000000 
0.288375	0.288375	
1.000000	1.000000	
884.000000 
0.273003	0.273003	
1.000000	1.000000	
885.000000 
0.258369	0.258369	
1.000000	1.000000	
886.000000 
0.244444	0.244444	
1.000000	1.000000	
887.000000 
0.231204	0.231204	
1.000000	1.000000	
888.000000 
0.218620	0.218620	
1.000000	1.000000	
889.000000 
0.206667	0.206667	
1.000000	1.000000	
890.000000 
0.195319	0.195319	
1.000000	1.000000	
891.000000 
0.184551	0.184551	
1.000000	1.000000	
892.000000 
0.174339	0.174339	
1.000000	1.000000	
893.000000 
0.164658	0.164658	
1.000000	1.000000	
894.000000 
0.155485	0.155485	
1.000000	1.000000	
895.000000 
0.146797	0.146797	
1.000000	1.000000	
896.000000 
0.138572	0.138572	
1.000000	1.000000	
897.000000 
0.130789	0.130789	
1.000000	1.000000	
898.000000 
0.123427	0.123427	
1.000000	1.000000	
899.000000 
0.116466	0.116466	
1.000000	1.000000	
900.000000 
0.109886	0.109886	
1.000000	1.000000	
901.000000 
0.103668	0.103668	
1.000000	1.000000	
902.000000 
0.097796	0.097796	
1.000000	1.000000	
903.000000 
0.092250	0.092250	
1.000000	1.000000	
904.000000 
0.087016	0.087016	
1.000000	1.000000	
905.000000 
0.082076	0.082076	
1.000000	1.000000	
906.000000 
0.077415	0.077415	
1.000000	1.000000	
907.000000 
0.073019	0.073019	
1.000000	1.000000	
908.000000 
0.068874	0.068874	
1.000000	1.000000	
909.000000 
0.064966	0.064966	
1.000000	1.000000	
910.000000 
0.061283	0.061283	
1.000000	1.000000	
911.000000 
0.057812	0.057812	
1.000000	1.000000	
912.000000 
0.054542	0.054542	
1.000000	1.000000	
913.000000 
0.051461	0.051461	
1.000000	1.000000	
914.000000 
0.048559	0.048559	
1.000000	1.000000	
915.000000 
0.045827	0.045827	
1.000000	1.000000	
916.000000 
0.043254	0.043254	
1.000000	1.000000	
917.000000 
0.040832	0.040832	
1.000000	1.000000	
918.000000 
0.038551	0.038551	
1.000000	1.000000	
919.000000 
0.036405	0.036405	
1.000000	1.000000	
920.000000 
0.034384	0.034384	
1.000000	1.000000	
921.000000 
0.032483	0.032483	
1.000000	1.000000	
922.000000 
0.030693	0.030693	
1.000000	1.000000	
923.000000 
0.029009	0.029009	
1.000000	1.000000	
924.000000 
0.027424	0.027424	
1.000000	1.000000	
925.000000 
0.025933	0.025933	
1.000000	1.000000	
926.000000 
0.024529	0.024529	
1.000000	1.000000	
927.000000 
0.023208	0.023208	
1.000000	1.000000	
928.000000 
0.021965	0.021965	
1.000000	1.000000	
929.000000 
0.020796	0.020796	
1.000000	1.000000	
930.000000 
0.019695	0.019695	
1.000000	1.000000	
931.000000 
0.018659	0.018659	
1.000000	1.000000	
932.000000 
0.017684	0.017684	
1.000000	1.000000	
933.000000 
0.016766	0.016766	
1.000000	1.000000	
934.000000 
0.015901	0.015901	
1.000000	1.000000	
935.000000 
0.015088	0.015088	
1.000000	1.000000	
936.000000 
0.014322	0.014322	
1.000000	1.000000	
937.000000 
0.013600	0.013600	
1.000000	1.000000	
938.000000 
0.012921	0.012921	
1.000000	1.000000	
939.000000 
0.012281	0.012281	
1.000000	1.000000	
940.000000 
0.011679	0.011679	
1.000000	1.000000	
941.000000 
0.011111	0.011111	
1.000000	1.000000	
942.000000 
0.010576	0.010576	
1.000000	1.000000	
943.000000 
0.010071	0.010071	
1.000000	1.000000	
944.000000 
0.009596	0.009596	
1.000000	1.000000	
945.000000 
0.009148	0.009148	
1.000000	1.000000	
946.000000 
0.008726	0.008726	
1.000000	1.000000	
947.000000 
0.008327	0.008327	
1.000000	1.000000	
948.000000 
0.007952	0.007952	
1.000000	1.000000	
949.000000 
0.007597	0.007597	
1.000000	1.000000	
